# Energy(eV)	Cation1	Cation2	Cation3	Total
12.1484	1.0613	0	0	1.0613
12.1593	1.06378	0	0	1.06378
12.1702	1.06588	0	0	1.06588
12.1811	1.06765	0	0	1.06765
12.192	1.06911	0	0	1.06911
12.203	1.0703	0	0	1.0703
12.2139	1.07124	0	0	1.07124
12.2248	1.07194	0	0	1.07194
12.2357	1.07242	0	0	1.07242
12.2466	1.07268	0	0	1.07268
12.2575	1.07274	0	0	1.07274
12.2684	1.0726	0	0	1.0726
12.2793	1.07226	0	0	1.07226
12.2902	1.07172	0	0	1.07172
12.3011	1.07099	0	0	1.07099
12.312	1.07007	0	0	1.07007
12.3229	1.06894	0	0	1.06894
12.3338	1.06762	0	0	1.06762
12.3447	1.0661	0	0	1.0661
12.3557	1.06436	0	0	1.06436
12.3666	1.06241	0	0	1.06241
12.3775	1.06024	0	0	1.06024
12.3884	1.05784	0	0	1.05784
12.3993	1.05522	0	0	1.05522
12.4102	1.05236	0	0	1.05236
12.4211	1.04928	0	0	1.04928
12.432	1.04598	0	0	1.04598
12.4429	1.04249	0	0	1.04249
12.4538	1.03885	0	0	1.03885
12.4647	1.03514	0	0	1.03514
12.4756	1.03149	0	0	1.03149
12.4865	1.02812	0	0	1.02812
12.4974	1.0254	0	0	1.0254
12.5083	1.02399	0	0	1.02399
12.5193	1.02503	0	0	1.02503
12.5302	1.03058	0	0	1.03058
12.5411	1.0446	0	0	1.0446
12.552	1.07514	0	0	1.07514
12.5629	1.13995	0	0	1.13995
12.5738	1.28318	0	0	1.28318
12.5847	1.6348	0	0	1.6348
12.5956	2.69541	0	0	2.69541
12.6065	7.56558	0	0	7.56558
12.6174	49.5313	0	0	49.5313
12.6283	18.1562	0	0	18.1562
12.6392	6.31193	0	0	6.31193
12.6501	3.72815	0	0	3.72815
12.661	2.76084	0	0	2.76084
12.6719	2.2857	0	0	2.2857
12.6829	2.01233	0	0	2.01233
12.6938	1.83801	0	0	1.83801
12.7047	1.71861	0	0	1.71861
12.7156	1.63246	0	0	1.63246
12.7265	1.56789	0	0	1.56789
12.7374	1.5182	0	0	1.5182
12.7483	1.47945	0	0	1.47945
12.7592	1.44946	0	0	1.44946
12.7701	1.42744	0	0	1.42744
12.781	1.41431	0	0	1.41431
12.7919	1.41419	0	0	1.41419
12.8028	1.43972	0	0	1.43972
12.8137	1.53461	0	0	1.53461
12.8246	1.9203	0	0	1.9203
12.8356	5.77299	0	0	5.77299
12.8465	16.0322	0	0	16.0322
12.8574	2.41738	0	0	2.41738
12.8683	1.64924	0	0	1.64924
12.8792	1.42734	0	0	1.42734
12.8901	1.31588	0	0	1.31588
12.901	1.23667	0	0	1.23667
12.9119	1.1823	0	0	1.1823
12.9228	1.69731	0	0	1.69731
12.9337	7.41419	0	0	7.41419
12.9446	2.15686	0	0	2.15686
12.9555	1.72135	0	0	1.72135
12.9664	1.57294	0	0	1.57294
12.9773	1.49792	0	0	1.49792
12.9882	1.45212	0	0	1.45212
12.9992	1.42092	0	0	1.42092
13.0101	1.39813	0	0	1.39813
13.021	1.3807	0	0	1.3807
13.0319	1.36694	0	0	1.36694
13.0428	1.35586	0	0	1.35586
13.0537	1.34686	0	0	1.34686
13.0646	1.33955	0	0	1.33955
13.0755	1.3337	0	0	1.3337
13.0864	1.3292	0	0	1.3292
13.0973	1.32602	0	0	1.32602
13.1082	1.32423	0	0	1.32423
13.1191	1.32402	0	0	1.32402
13.13	1.32573	0	0	1.32573
13.1409	1.32999	0	0	1.32999
13.1519	1.33784	0	0	1.33784
13.1628	1.3512	0	0	1.3512
13.1737	1.37388	0	0	1.37388
13.1846	1.41432	0	0	1.41432
13.1955	1.49479	0	0	1.49479
13.2064	1.6836	0	0	1.6836
13.2173	1.68663	0	0	1.68663
13.2282	0.893765	0	0	0.893765
13.2391	0.964587	0	0	0.964587
13.25	1.02319	0	0	1.02319
13.2609	1.05597	0	0	1.05597
13.2718	1.07487	0	0	1.07487
13.2827	1.08588	0	0	1.08588
13.2936	1.09195	0	0	1.09195
13.3045	1.09464	0	0	1.09464
13.3155	1.09482	0	0	1.09482
13.3264	1.09299	0	0	1.09299
13.3373	1.08938	0	0	1.08938
13.3482	1.08413	0	0	1.08413
13.3591	1.07724	0	0	1.07724
13.37	1.06868	0	0	1.06868
13.3809	1.05849	0	0	1.05849
13.3918	1.0471	0	0	1.0471
13.4027	1.03663	0	0	1.03663
13.4136	1.03653	0	0	1.03653
13.4245	1.0986	0	0	1.0986
13.4354	1.74215	0	0	1.74215
13.4463	45.0411	0	0	45.0411
13.4572	3.40153	0	0	3.40153
13.4681	1.90091	0	0	1.90091
13.4791	1.54987	0	0	1.54987
13.49	1.39884	0	0	1.39884
13.5009	1.31279	0	0	1.31279
13.5118	1.26062	0	0	1.26062
13.5227	1.30344	0	0	1.30344
13.5336	52.4483	0	0	52.4483
13.5445	1.6743	0	0	1.6743
13.5554	1.24406	0	0	1.24406
13.5663	1.5425	0	0	1.5425
13.5772	4.04097	0	0	4.04097
13.5881	1.92701	0	0	1.92701
13.599	1.54575	0	0	1.54575
13.6099	1.4384	0	0	1.4384
13.6208	1.38618	0	0	1.38618
13.6318	1.35555	0	0	1.35555
13.6427	1.33678	0	0	1.33678
13.6536	1.32678	0	0	1.32678
13.6645	1.326	0	0	1.326
13.6754	1.33967	0	0	1.33967
13.6863	1.38856	0	0	1.38856
13.6972	1.60056	0	0	1.60056
13.7081	1.11024	0	0	1.11024
13.719	1.00489	0	0	1.00489
13.7299	1.06054	0	0	1.06054
13.7408	1.07806	0	0	1.07806
13.7517	1.08016	0	0	1.08016
13.7626	1.07328	0	0	1.07328
13.7735	1.05896	0	0	1.05896
13.7844	1.03743	0	0	1.03743
13.7954	1.02226	0	0	1.02226
13.8063	1.82767	0	0	1.82767
13.8172	2.48988	0	0	2.48988
13.8281	1.39713	0	0	1.39713
13.839	1.20958	0	0	1.20958
13.8499	1.43872	0	0	1.43872
13.8608	1.37584	0	0	1.37584
13.8717	5.39452	0	0	5.39452
13.8826	2.63451	0	0	2.63451
13.8935	1.48607	0	0	1.48607
13.9044	1.3718	0	0	1.3718
13.9153	1.33178	0	0	1.33178
13.9262	1.33053	0	0	1.33053
13.9371	1.43643	0	0	1.43643
13.9481	0.965443	0	0	0.965443
13.959	1.05646	0	0	1.05646
13.9699	1.07365	0	0	1.07365
13.9808	1.05715	0	0	1.05715
13.9917	1.01859	0	0	1.01859
14.0026	32.9576	0	0	32.9576
14.0135	1.30141	0	0	1.30141
14.0244	1.18788	0	0	1.18788
14.0353	67.1682	0	0	67.1682
14.0462	1.83502	0	0	1.83502
14.0571	1.37287	0	0	1.37287
14.068	1.32628	0	0	1.32628
14.0789	1.7233	0	0	1.7233
14.0898	1.05526	0	0	1.05526
14.1007	1.0603	0	0	1.0603
14.1117	1.01709	0	0	1.01709
14.1226	1.27491	0	0	1.27491
14.1335	1.3983	0	0	1.3983
14.1444	1.63868	0	0	1.63868
14.1553	1.32735	0	0	1.32735
14.1662	1.30805	0	0	1.30805
14.1771	1.06281	0	0	1.06281
14.188	9.04179	0	0	9.04179
14.1989	2.48705	0	0	2.48705
14.2098	1.41831	0	0	1.41831
14.2207	1.78208	0	0	1.78208
14.2316	1.0454	0	0	1.0454
14.2425	1.0588	0	0	1.0588
14.2534	1.36988	0	0	1.36988
14.2643	1.06059	0	0	1.06059
14.2753	1.09938	0	0	1.09938
14.2862	1.32587	0	0	1.32587
14.2971	1.84829	0	0	1.84829
14.308	1.32483	0	0	1.32483
14.3189	1.02648	0	0	1.02648
14.3298	1.04095	0	0	1.04095
14.3407	1.04076	0	0	1.04076
14.3516	1.34508	0	0	1.34508
14.3625	1.86865	0	0	1.86865
14.3734	0.984926	0	0	0.984926
14.3843	1.32146	0	0	1.32146
14.3952	0.921717	0	0	0.921717
14.4061	1.89506	0	0	1.89506
14.417	1.14591	2.15557	0	3.30148
14.428	1.1454	2.15543	0	3.30082
14.4389	1.14489	2.15527	0	3.30015
14.4498	1.14437	2.15509	0	3.29946
14.4607	1.14386	2.15489	0	3.29875
14.4716	1.14335	2.15468	0	3.29802
14.4825	1.14283	2.15444	0	3.29727
14.4934	1.14231	2.15419	0	3.2965
14.5043	1.1418	2.15391	0	3.29571
14.5152	1.14128	2.15362	0	3.2949
14.5261	1.14076	2.1533	0	3.29406
14.537	1.14024	2.15296	0	3.2932
14.5479	1.13972	2.15261	0	3.29233
14.5588	1.1392	2.15223	0	3.29143
14.5697	1.13868	2.15183	0	3.29051
14.5806	1.13816	2.15141	0	3.28957
14.5916	1.13764	2.15097	0	3.2886
14.6025	1.13712	2.1505	0	3.28762
14.6134	1.13659	2.15002	0	3.28661
14.6243	1.13607	2.14951	0	3.28558
14.6352	1.13555	2.14899	0	3.28453
14.6461	1.13503	2.14844	0	3.28346
14.657	1.1345	2.14787	0	3.28237
14.6679	1.13398	2.14728	0	3.28126
14.6788	1.13346	2.14667	0	3.28012
14.6897	1.13294	2.14603	0	3.27897
14.7006	1.13241	2.14538	0	3.27779
14.7115	1.13189	2.14471	0	3.2766
14.7224	1.13137	2.14401	0	3.27538
14.7333	1.13085	2.1433	0	3.27415
14.7442	1.13034	2.14256	0	3.27289
14.7552	1.12982	2.1418	0	3.27162
14.7661	1.1293	2.14103	0	3.27033
14.777	1.12879	2.14023	0	3.26902
14.7879	1.12828	2.13942	0	3.26769
14.7988	1.12776	2.13858	0	3.26635
14.8097	1.12726	2.13773	0	3.26499
14.8206	1.12675	2.13686	0	3.26361
14.8315	1.12625	2.13597	0	3.26222
14.8424	1.12575	2.13506	0	3.26081
14.8533	1.12525	2.13414	0	3.25939
14.8642	1.12476	2.1332	0	3.25796
14.8751	1.12427	2.13224	0	3.25651
14.886	1.12378	2.13127	0	3.25505
14.8969	1.1233	2.13028	0	3.25358
14.9079	1.12283	2.12928	0	3.25211
14.9188	1.12236	2.12826	0	3.25062
14.9297	1.1219	2.12723	0	3.24913
14.9406	1.12144	2.12619	0	3.24763
14.9515	1.12099	2.12513	0	3.24613
14.9624	1.12055	2.12407	0	3.24462
14.9733	1.12012	2.12299	0	3.24311
14.9842	1.1197	2.1219	0	3.2416
14.9951	1.11929	2.12081	0	3.24009
15.006	1.11889	2.1197	0	3.23859
15.0169	1.1185	2.11859	0	3.23709
15.0278	1.11812	2.11748	0	3.2356
15.0387	1.11776	2.11636	0	3.23412
15.0496	1.11742	2.11524	0	3.23265
15.0605	1.11709	2.11411	0	3.2312
15.0715	1.11678	2.11299	0	3.22976
15.0824	1.11648	2.11186	0	3.22835
15.0933	1.11621	2.11074	0	3.22695
15.1042	1.11596	2.10962	0	3.22559
15.1151	1.11574	2.10851	0	3.22426
15.126	1.11554	2.10741	0	3.22296
15.1369	1.11538	2.10632	0	3.2217
15.1478	1.11524	2.10525	0	3.22049
15.1587	1.11513	2.10419	0	3.21932
15.1696	1.11507	2.10315	0	3.21821
15.1805	1.11504	2.10213	0	3.21717
15.1914	1.11505	2.10113	0	3.21618
15.2023	1.11511	2.10017	0	3.21528
15.2132	1.11522	2.09924	0	3.21446
15.2242	1.11538	2.09834	0	3.21372
15.2351	1.1156	2.09749	0	3.21309
15.246	1.11589	2.09668	0	3.21257
15.2569	1.11624	2.09593	0	3.21217
15.2678	1.11667	2.09523	0	3.2119
15.2787	1.11718	2.0946	0	3.21178
15.2896	1.11778	2.09405	0	3.21182
15.3005	1.11847	2.09357	0	3.21204
15.3114	1.11927	2.09318	0	3.21245
15.3223	1.12018	2.0929	0	3.21308
15.3332	1.12121	2.09272	0	3.21394
15.3441	1.12238	2.09267	0	3.21505
15.355	1.1237	2.09276	0	3.21646
15.3659	1.12518	2.09299	0	3.21818
15.3768	1.12684	2.0934	0	3.22024
15.3878	1.1287	2.09399	0	3.22268
15.3987	1.13076	2.09479	0	3.22555
15.4096	1.13307	2.09582	0	3.22888
15.4205	1.13563	2.0971	0	3.23273
15.4314	1.13848	2.09868	0	3.23716
15.4423	1.14164	2.10057	0	3.24222
15.4532	1.14516	2.10282	0	3.24798
15.4641	1.14906	2.10547	0	3.25454
15.475	1.1534	2.10857	0	3.26197
15.4859	1.15821	2.11217	0	3.27038
15.4968	1.16356	2.11633	0	3.27989
15.5077	1.1695	2.12113	0	3.29063
15.5186	1.17611	2.12665	0	3.30276
15.5295	1.18347	2.13297	0	3.31644
15.5404	1.19167	2.14022	0	3.33189
15.5514	1.20082	2.1485	0	3.34932
15.5623	1.21104	2.15796	0	3.369
15.5732	1.22247	2.16878	0	3.39125
15.5841	1.23527	2.18114	0	3.41641
15.595	1.24964	2.19526	0	3.4449
15.6059	1.26579	2.21141	0	3.4772
15.6168	1.28398	2.2299	0	3.51387
15.6277	1.30449	2.25108	0	3.55557
15.6386	1.32769	2.27538	0	3.60307
15.6495	1.35397	2.30328	0	3.65725
15.6604	1.38379	2.33538	0	3.71918
15.6713	1.41772	2.37236	0	3.79008
15.6822	1.45637	2.41501	0	3.87138
15.6931	1.50048	2.46427	0	3.96475
15.7041	1.55088	2.52122	0	4.0721
15.715	1.60852	2.58709	0	4.19561
15.7259	1.67443	2.66327	0	4.3377
15.7368	1.74972	2.75128	0	4.501
15.7477	1.8355	2.85272	0	4.68822
15.7586	1.93282	2.96913	0	4.90195
15.7695	2.04243	3.10183	0	5.14426
15.7804	2.16455	3.25158	0	5.41612
15.7913	2.2985	3.41811	0	5.7166
15.8022	2.44221	3.59953	0	6.04174
15.8131	2.59174	3.79165	0	6.38338
15.824	2.74082	3.98736	0	6.72819
15.8349	2.88095	4.17652	0	7.05747
15.8458	3.00196	4.34653	0	7.34849
15.8567	3.09352	4.48408	0	7.57761
15.8677	3.14724	4.57762	0	7.72486
15.8786	3.15858	4.61996	0	7.77855
15.8895	3.12801	4.60997	0	7.73797
15.9004	3.06063	4.55242	0	7.61305
15.9113	2.96474	4.45646	0	7.4212
15.9222	2.84979	4.33319	0	7.18298
15.9331	2.72468	4.19352	0	6.9182
15.944	2.59675	4.04673	0	6.64348
15.9549	2.47135	3.8999	0	6.37125
15.9658	2.35201	3.75787	0	6.10988
15.9767	2.24072	3.62366	0	5.86438
15.9876	2.13842	3.49883	0	5.63725
15.9985	2.04524	3.38399	0	5.42923
16.0094	1.9609	3.27908	0	5.23998
16.0204	1.88483	3.18366	0	5.06848
16.0313	1.81632	3.09707	0	4.91339
16.0422	1.75467	3.01857	0	4.77323
16.0531	1.69914	2.94738	0	4.64652
16.064	1.64906	2.88278	0	4.53184
16.0749	1.60382	2.82405	0	4.42787
16.0858	1.56286	2.77056	0	4.33341
16.0967	1.52568	2.72174	0	4.24741
16.1076	1.49184	2.67707	0	4.16891
16.1185	1.46097	2.6361	0	4.09707
16.1294	1.43272	2.59841	0	4.03114
16.1403	1.4068	2.56367	0	3.97047
16.1512	1.38295	2.53154	0	3.9145
16.1621	1.36095	2.50177	0	3.86271
16.173	1.34058	2.47409	0	3.81467
16.184	1.32169	2.44829	0	3.76999
16.1949	1.30412	2.4242	0	3.72832
16.2058	1.28773	2.40163	0	3.68936
16.2167	1.2724	2.38043	0	3.65284
16.2276	1.25803	2.36049	0	3.61852
16.2385	1.24453	2.34167	0	3.5862
16.2494	1.23181	2.32387	0	3.55568
16.2603	1.2198	2.307	0	3.5268
16.2712	1.20843	2.29098	0	3.49941
16.2821	1.19765	2.27572	0	3.47337
16.293	1.18739	2.26116	0	3.44856
16.3039	1.17763	2.24725	0	3.42487
16.3148	1.1683	2.23391	0	3.40221
16.3257	1.15938	2.22111	0	3.38049
16.3366	1.15083	2.2088	0	3.35963
16.3476	1.14261	2.19694	0	3.33955
16.3585	1.13471	2.18548	0	3.32018
16.3694	1.12708	2.17439	0	3.30148
16.3803	1.11972	2.16365	0	3.28337
16.3912	1.11259	2.15322	0	3.26582
16.4021	1.10569	2.14308	0	3.24876
16.413	1.09898	2.13319	0	3.23217
16.4239	1.09245	2.12355	0	3.216
16.4348	1.08609	2.11412	0	3.20021
16.4457	1.07988	2.10489	0	3.18477
16.4566	1.07381	2.09583	0	3.16964
16.4675	1.06787	2.08693	0	3.15481
16.4784	1.06205	2.07818	0	3.14023
16.4893	1.05632	2.06955	0	3.12588
16.5003	1.05069	2.06104	0	3.11173
16.5112	1.04515	2.05263	0	3.09777
16.5221	1.03968	2.0443	0	3.08397
16.533	1.03427	2.03604	0	3.07031
16.5439	1.02892	2.02784	0	3.05676
16.5548	1.02363	2.01969	0	3.04332
16.5657	1.01837	2.01157	0	3.02994
16.5766	1.01315	2.00348	0	3.01663
16.5875	1.00796	1.9954	0	3.00336
16.5984	1.00278	1.98732	0	2.99011
16.6093	0.997623	1.97924	0	2.97686
16.6202	0.99247	1.97113	0	2.9636
16.6311	0.987318	1.96299	0	2.95031
16.642	0.98216	1.95481	0	2.93697
16.6529	0.976989	1.94657	0	2.92356
16.6639	0.9718	1.93826	0	2.91006
16.6748	0.966585	1.92988	0	2.89647
16.6857	0.961339	1.92142	0	2.88276
16.6966	0.956055	1.91285	0	2.8689
16.7075	0.950727	1.90416	0	2.85489
16.7184	0.945348	1.89535	0	2.8407
16.7293	0.939912	1.88641	0	2.82632
16.7402	0.934412	1.87731	0	2.81172
16.7511	0.928844	1.86804	0	2.79688
16.762	0.9232	1.8586	0	2.7818
16.7729	0.917475	1.84896	0	2.76643
16.7838	0.911664	1.83911	0	2.75078
16.7947	0.905763	1.82905	0	2.73481
16.8056	0.899769	1.81875	0	2.71852
16.8165	0.89368	1.80821	0	2.70189
16.8275	0.887497	1.79741	0	2.68491
16.8384	0.881224	1.78636	0	2.66758
16.8493	0.87487	1.77504	0	2.64991
16.8602	0.86845	1.76348	0	2.63193
16.8711	0.86199	1.75168	0	2.61367
16.882	0.855528	1.73969	0	2.59521
16.8929	0.849123	1.72756	0	2.57668
16.9038	0.842861	1.71541	0	2.55827
16.9147	0.836871	1.70338	0	2.54025
16.9256	0.831347	1.69173	0	2.52308
16.9365	0.826574	1.68084	0	2.50742
16.9474	0.822988	1.67132	0	2.49431
16.9583	0.82126	1.66409	0	2.48535
16.9692	0.822437	1.66067	0	2.48311
16.9802	0.828209	1.66352	0	2.49172
16.9911	0.841372	1.67675	0	2.51812
17.002	0.866745	1.70759	0	2.57433
17.0129	0.913018	1.76916	0	2.68217
17.0238	0.996812	1.88684	0	2.88366
17.0347	1.15232	2.11334	0	3.26566
17.0456	1.4567	2.56862	0	4.02531
17.0565	2.10553	3.55938	0	5.66491
17.0674	3.66381	5.98004	0	9.64386
17.0783	7.81787	12.5365	0	20.3544
17.0892	15.5788	25.0464	0	40.6252
17.1001	13.8328	22.6262	0	36.459
17.111	7.95658	13.3279	0	21.2844
17.1219	5.00777	8.59663	0	13.6044
17.1328	3.59118	6.30464	0	9.89582
17.1438	2.82577	5.05824	0	7.884
17.1547	2.36594	4.30547	0	6.67141
17.1656	2.06618	3.8125	0	5.87867
17.1765	1.85815	3.46901	0	5.32716
17.1874	1.70656	3.21783	0	4.92439
17.1983	1.59172	3.02691	0	4.61863
17.2092	1.50192	2.87717	0	4.37909
17.2201	1.42984	2.75661	0	4.18645
17.231	1.37069	2.65741	0	4.0281
17.2419	1.32127	2.57423	0	3.89549
17.2528	1.27932	2.50338	0	3.7827
17.2637	1.24327	2.44222	0	3.68548
17.2746	1.21198	2.38884	0	3.60082
17.2855	1.18467	2.34187	0	3.52654
17.2965	1.16079	2.30035	0	3.46114
17.3074	1.14004	2.26365	0	3.40369
17.3183	1.12234	2.23148	0	3.35382
17.3292	1.10789	2.20395	0	3.31184
17.3401	1.09732	2.18167	0	3.27899
17.351	1.09185	2.1661	0	3.25795
17.3619	1.09386	2.16014	0	3.254
17.3728	1.10778	2.16935	0	3.27712
17.3837	1.14199	2.20448	0	3.34647
17.3946	1.2125	2.28641	0	3.49892
17.4055	1.3481	2.45346	0	3.80157
17.4164	1.58582	2.75721	0	4.34303
17.4273	1.90304	3.17586	0	5.0789
17.4382	2.08991	3.43921	0	5.52912
17.4491	1.98638	3.32329	0	5.30968
17.4601	1.75795	3.03251	0	4.79047
17.471	1.55667	2.7688	0	4.32547
17.4819	1.41006	2.57303	0	3.98309
17.4928	1.3059	2.43157	0	3.73747
17.5037	1.23007	2.32689	0	3.55696
17.5146	1.17277	2.24649	0	3.41926
17.5255	1.12779	2.18233	0	3.31012
17.5364	1.09121	2.12927	0	3.22048
17.5473	1.06048	2.08399	0	3.14447
17.5582	1.03395	2.04424	0	3.07818
17.5691	1.01044	2.00848	0	3.01892
17.58	0.989162	1.9756	0	2.96477
17.5909	0.969513	1.94481	0	2.91432
17.6018	0.95105	1.91546	0	2.86651
17.6127	0.933428	1.88707	0	2.8205
17.6237	0.916369	1.85923	0	2.7756
17.6346	0.899646	1.83158	0	2.73123
17.6455	0.883064	1.80381	0	2.68688
17.6564	0.866458	1.77564	0	2.6421
17.6673	0.849689	1.7468	0	2.59649
17.6782	0.832654	1.71707	0	2.54973
17.6891	0.815307	1.68628	0	2.50159
17.7	0.797718	1.65439	0	2.45211
17.7109	0.78019	1.62168	0	2.40187
17.7218	0.763544	1.58912	0	2.35267
17.7327	0.749804	1.55944	0	2.30924
17.7436	0.744013	1.53979	0	2.2838
17.7545	0.759691	1.55021	0	2.3099
17.7654	0.838246	1.65382	0	2.49206
17.7764	1.13813	2.09762	0	3.23576
17.7873	2.54339	4.28698	0	6.83037
17.7982	12.1157	19.7302	0	31.8458
17.8091	9.47596	15.9825	0	25.4585
17.82	3.72216	6.60222	0	10.3244
17.8309	2.2474	4.16383	0	6.41123
17.8418	1.60649	3.09992	0	4.70641
17.8527	0.99345	2.07368	0	3.06713
17.8636	2.99579	5.0836	0	8.07939
17.8745	1.57796	2.9724	0	4.55037
17.8854	1.3611	2.62847	0	3.98957
17.8963	1.24794	2.44422	0	3.69216
17.9072	1.17272	2.31943	0	3.49215
17.9181	1.11885	2.22794	0	3.34679
17.929	1.08285	2.16313	0	3.24598
17.94	1.0736	2.13564	0	3.20924
17.9509	1.13623	2.2054	0	3.34163
17.9618	1.44793	2.61381	0	4.06174
17.9727	1.86697	3.18679	0	5.05376
17.9836	1.50637	2.70155	0	4.20793
17.9945	1.23424	2.32407	0	3.55831
18.0054	1.09894	2.13066	0	3.2296
18.0163	1.01864	2.01188	0	3.03052
18.0272	0.961985	1.92512	0	2.88711
18.0381	0.916524	1.85319	0	2.76971
18.049	0.876472	1.78788	0	2.66435
18.0599	0.83871	1.72452	0	2.56323
18.0708	0.801451	1.66012	0	2.46157
18.0817	0.764228	1.5933	0	2.35752
18.0927	0.730212	1.52759	0	2.25781
18.1036	0.719741	1.49188	0	2.21162
18.1145	0.878302	1.70909	0	2.58739
18.1254	3.68552	6.16076	0	9.84628
18.1363	7.15247	12.3272	0	19.4797
18.1472	1.99808	3.77488	0	5.77297
18.1581	0.996546	2.08647	0	3.08301
18.169	4.24928	6.86927	0	11.1186
18.1799	1.4426	2.73911	0	4.18171
18.1908	1.20087	2.35368	0	3.55455
18.2017	1.09138	2.17069	0	3.26207
18.2126	1.09738	2.15244	0	3.24982
18.2235	1.74349	3.02444	0	4.76792
18.2344	1.3214	2.44338	0	3.76478
18.2453	1.04746	2.04888	0	3.09634
18.2563	0.931756	1.87195	0	2.80371
18.2672	0.852175	1.74318	0	2.59536
18.2781	0.781438	1.62257	0	2.40401
18.289	0.71679	1.50285	0	2.21964
18.2999	0.783229	1.56778	0	2.35101
18.3108	14.072	23.2253	0	37.2973
18.3217	1.78866	3.42034	0	5.20899
18.3326	0.951376	1.98077	0	2.93214
18.3435	1.30495	2.51519	0	3.82015
18.3544	1.07935	2.14428	0	3.22362
18.3653	1.6278	2.86846	0	4.49626
18.3762	1.12106	2.15362	0	3.27468
18.3871	0.900774	1.81911	0	2.71988
18.398	0.776064	1.61139	0	2.38745
18.4089	0.700653	1.4562	0	2.15685
18.4199	12.4774	20.9583	0	33.4357
18.4308	5.90812	8.44168	0	14.3498
18.4417	1.203	2.34799	0	3.55099
18.4526	1.43227	2.59935	0	4.03161
18.4635	0.991301	1.95783	0	2.94913
18.4744	0.770683	1.60075	0	2.37144
18.4853	1.31387	2.37891	0	3.69278
18.4962	8.78857	13.0514	0	21.8399
18.5071	1.07223	2.12637	0	3.1986
18.518	1.00395	1.97532	0	2.97927
18.5289	0.698573	1.46821	0	2.16679
18.5398	0.992437	2.08983	0	3.08227
18.5507	1.19502	2.27375	0	3.46878
18.5616	0.776175	1.60861	0	2.38479
18.5726	9.77566	15.9754	0	25.751
18.5835	1.11147	2.13377	0	3.24524
18.5944	4.89379	8.54399	0	13.4378
18.6053	1.00412	1.97275	0	2.97687
18.6162	1.43137	2.70594	0	4.1373
18.6271	12.213	20.4738	0	32.6868
18.638	0.680626	1.42183	0	2.10246
18.6489	0.830082	1.69551	0	2.5256
18.6598	1.15447	2.20705	0	3.36152
18.6707	2.12293	3.92408	0	6.047
18.6816	0.927848	1.84694	0	2.77479
18.6925	1.6125	3.0087	0	4.6212
18.7034	0.837393	1.70248	0	2.53988
18.7143	0.985125	2.05993	2.26731	5.31236
18.7252	0.985311	2.06012	2.2704	5.31584
18.7362	0.985502	2.06032	2.27346	5.31928
18.7471	0.985698	2.06052	2.27648	5.32269
18.758	0.985897	2.06073	2.27945	5.32608
18.7689	0.986101	2.06094	2.28238	5.32942
18.7798	0.986308	2.06116	2.28527	5.33274
18.7907	0.986519	2.06138	2.28812	5.33602
18.8016	0.986734	2.06161	2.29093	5.33927
18.8125	0.986952	2.06184	2.29369	5.34248
18.8234	0.987174	2.06207	2.29641	5.34565
18.8343	0.987398	2.0623	2.29909	5.34879
18.8452	0.987626	2.06254	2.30172	5.35189
18.8561	0.987856	2.06278	2.30431	5.35495
18.867	0.988089	2.06303	2.30685	5.35797
18.8779	0.988324	2.06327	2.30935	5.36095
18.8888	0.988562	2.06352	2.31181	5.36389
18.8998	0.988802	2.06377	2.31422	5.36679
18.9107	0.989043	2.06402	2.31659	5.36965
18.9216	0.989287	2.06427	2.31891	5.37247
18.9325	0.989532	2.06452	2.32119	5.37524
18.9434	0.989778	2.06477	2.32343	5.37797
18.9543	0.990026	2.06502	2.32562	5.38066
18.9652	0.990275	2.06527	2.32777	5.38331
18.9761	0.990525	2.06551	2.32987	5.38591
18.987	0.990776	2.06576	2.33193	5.38846
18.9979	0.991027	2.06601	2.33394	5.39097
19.0088	0.991279	2.06625	2.33591	5.39344
19.0197	0.991531	2.06649	2.33784	5.39586
19.0306	0.991784	2.06673	2.33973	5.39824
19.0415	0.992036	2.06697	2.34157	5.40057
19.0525	0.992289	2.0672	2.34337	5.40286
19.0634	0.992541	2.06743	2.34513	5.4051
19.0743	0.992793	2.06766	2.34684	5.4073
19.0852	0.993044	2.06789	2.34852	5.40945
19.0961	0.993295	2.06811	2.35015	5.41155
19.107	0.993545	2.06832	2.35174	5.41361
19.1179	0.993794	2.06854	2.3533	5.41563
19.1288	0.994042	2.06875	2.35481	5.4176
19.1397	0.99429	2.06895	2.35628	5.41952
19.1506	0.994536	2.06915	2.35771	5.4214
19.1615	0.99478	2.06934	2.35911	5.42323
19.1724	0.995023	2.06953	2.36046	5.42502
19.1833	0.995265	2.06972	2.36178	5.42676
19.1942	0.995505	2.0699	2.36306	5.42846
19.2051	0.995744	2.07007	2.36431	5.43012
19.2161	0.99598	2.07024	2.36551	5.43173
19.227	0.996215	2.0704	2.36669	5.4333
19.2379	0.996447	2.07055	2.36782	5.43482
19.2488	0.996678	2.0707	2.36892	5.43631
19.2597	0.996906	2.07085	2.36999	5.43774
19.2706	0.997133	2.07098	2.37103	5.43914
19.2815	0.997357	2.07111	2.37203	5.4405
19.2924	0.997578	2.07124	2.37299	5.44181
19.3033	0.997797	2.07136	2.37393	5.44308
19.3142	0.998014	2.07147	2.37483	5.44431
19.3251	0.998229	2.07157	2.3757	5.44551
19.336	0.99844	2.07167	2.37655	5.44666
19.3469	0.998649	2.07176	2.37736	5.44777
19.3578	0.998856	2.07184	2.37814	5.44884
19.3688	0.999059	2.07192	2.37889	5.44988
19.3797	0.99926	2.07199	2.37962	5.45087
19.3906	0.999458	2.07206	2.38032	5.45183
19.4015	0.999654	2.07211	2.38099	5.45275
19.4124	0.999846	2.07216	2.38163	5.45364
19.4233	1.00004	2.0722	2.38225	5.45449
19.4342	1.00022	2.07224	2.38284	5.4553
19.4451	1.00041	2.07226	2.38341	5.45608
19.456	1.00059	2.07229	2.38395	5.45682
19.4669	1.00077	2.0723	2.38447	5.45753
19.4778	1.00094	2.07231	2.38496	5.45821
19.4887	1.00111	2.07231	2.38543	5.45885
19.4996	1.00128	2.0723	2.38588	5.45946
19.5105	1.00145	2.07229	2.38631	5.46004
19.5214	1.00161	2.07226	2.38672	5.46059
19.5324	1.00177	2.07224	2.3871	5.46111
19.5433	1.00193	2.0722	2.38747	5.4616
19.5542	1.00209	2.07216	2.38781	5.46206
19.5651	1.00224	2.07211	2.38814	5.46249
19.576	1.00239	2.07206	2.38845	5.46289
19.5869	1.00253	2.072	2.38874	5.46326
19.5978	1.00268	2.07193	2.38901	5.46361
19.6087	1.00282	2.07185	2.38926	5.46393
19.6196	1.00295	2.07177	2.3895	5.46423
19.6305	1.00309	2.07169	2.38972	5.46449
19.6414	1.00322	2.07159	2.38992	5.46474
19.6523	1.00335	2.0715	2.39011	5.46496
19.6632	1.00348	2.07139	2.39028	5.46515
19.6741	1.0036	2.07128	2.39044	5.46532
19.685	1.00372	2.07116	2.39059	5.46547
19.696	1.00384	2.07104	2.39072	5.4656
19.7069	1.00396	2.07091	2.39083	5.46571
19.7178	1.00407	2.07078	2.39094	5.46579
19.7287	1.00418	2.07064	2.39103	5.46585
19.7396	1.00429	2.0705	2.39111	5.4659
19.7505	1.0044	2.07035	2.39118	5.46592
19.7614	1.0045	2.07019	2.39123	5.46593
19.7723	1.00461	2.07003	2.39127	5.46591
19.7832	1.00471	2.06987	2.39131	5.46588
19.7941	1.0048	2.0697	2.39133	5.46583
19.805	1.0049	2.06952	2.39134	5.46577
19.8159	1.00499	2.06935	2.39134	5.46568
19.8268	1.00509	2.06916	2.39133	5.46558
19.8377	1.00518	2.06898	2.39132	5.46547
19.8487	1.00526	2.06879	2.39129	5.46534
19.8596	1.00535	2.06859	2.39126	5.46519
19.8705	1.00543	2.06839	2.39121	5.46503
19.8814	1.00552	2.06819	2.39116	5.46486
19.8923	1.0056	2.06798	2.3911	5.46468
19.9032	1.00567	2.06777	2.39103	5.46448
19.9141	1.00575	2.06756	2.39095	5.46426
19.925	1.00583	2.06734	2.39087	5.46404
19.9359	1.0059	2.06712	2.39078	5.4638
19.9468	1.00598	2.0669	2.39068	5.46355
19.9577	1.00605	2.06667	2.39058	5.4633
19.9686	1.00612	2.06644	2.39047	5.46303
19.9795	1.00619	2.06621	2.39035	5.46275
19.9904	1.00626	2.06598	2.39022	5.46246
20.0013	1.00632	2.06574	2.39009	5.46216
20.0123	1.00639	2.0655	2.38996	5.46185
20.0232	1.00645	2.06526	2.38982	5.46153
20.0341	1.00652	2.06501	2.38967	5.4612
20.045	1.00658	2.06477	2.38952	5.46086
20.0559	1.00664	2.06452	2.38936	5.46052
20.0668	1.0067	2.06427	2.38919	5.46017
20.0777	1.00676	2.06402	2.38902	5.45981
20.0886	1.00682	2.06377	2.38885	5.45944
20.0995	1.00688	2.06351	2.38867	5.45907
20.1104	1.00694	2.06326	2.38848	5.45869
20.1213	1.007	2.063	2.38829	5.4583
20.1322	1.00706	2.06275	2.3881	5.4579
20.1431	1.00712	2.06249	2.3879	5.4575
20.154	1.00717	2.06223	2.3877	5.4571
20.165	1.00723	2.06197	2.38749	5.45668
20.1759	1.00729	2.06171	2.38727	5.45627
20.1868	1.00734	2.06144	2.38705	5.45584
20.1977	1.0074	2.06118	2.38683	5.45541
20.2086	1.00746	2.06092	2.3866	5.45498
20.2195	1.00751	2.06066	2.38637	5.45454
20.2304	1.00757	2.06039	2.38613	5.4541
20.2413	1.00763	2.06013	2.38589	5.45365
20.2522	1.00768	2.05987	2.38565	5.45319
20.2631	1.00774	2.0596	2.38539	5.45274
20.274	1.0078	2.05934	2.38514	5.45227
20.2849	1.00785	2.05908	2.38488	5.45181
20.2958	1.00791	2.05881	2.38461	5.45133
20.3067	1.00797	2.05855	2.38434	5.45086
20.3176	1.00803	2.05829	2.38407	5.45038
20.3286	1.00808	2.05803	2.38379	5.4499
20.3395	1.00814	2.05776	2.3835	5.44941
20.3504	1.0082	2.0575	2.38321	5.44892
20.3613	1.00826	2.05724	2.38292	5.44842
20.3722	1.00832	2.05698	2.38262	5.44793
20.3831	1.00838	2.05672	2.38232	5.44742
20.394	1.00844	2.05647	2.38201	5.44692
20.4049	1.00851	2.05621	2.38169	5.44641
20.4158	1.00857	2.05595	2.38137	5.44589
20.4267	1.00863	2.0557	2.38105	5.44538
20.4376	1.0087	2.05544	2.38071	5.44486
20.4485	1.00876	2.05519	2.38038	5.44433
20.4594	1.00883	2.05494	2.38004	5.4438
20.4703	1.00889	2.05469	2.37969	5.44327
20.4812	1.00896	2.05444	2.37934	5.44274
20.4922	1.00903	2.05419	2.37898	5.4422
20.5031	1.0091	2.05394	2.37861	5.44165
20.514	1.00917	2.0537	2.37824	5.44111
20.5249	1.00924	2.05346	2.37786	5.44056
20.5358	1.00931	2.05321	2.37748	5.44
20.5467	1.00938	2.05297	2.37709	5.43944
20.5576	1.00946	2.05273	2.37669	5.43888
20.5685	1.00953	2.05249	2.37629	5.43831
20.5794	1.00961	2.05226	2.37588	5.43774
20.5903	1.00969	2.05202	2.37546	5.43717
20.6012	1.00976	2.05179	2.37504	5.43659
20.6121	1.00984	2.05155	2.37461	5.43601
20.623	1.00992	2.05132	2.37417	5.43542
20.6339	1.01	2.05109	2.37373	5.43483
20.6449	1.01009	2.05087	2.37328	5.43423
20.6558	1.01017	2.05064	2.37282	5.43363
20.6667	1.01025	2.05042	2.37236	5.43303
20.6776	1.01034	2.05019	2.37188	5.43242
20.6885	1.01042	2.04997	2.3714	5.4318
20.6994	1.01051	2.04975	2.37092	5.43118
20.7103	1.0106	2.04953	2.37042	5.43056
20.7212	1.01069	2.04932	2.36992	5.42992
20.7321	1.01078	2.0491	2.3694	5.42929
20.743	1.01087	2.04889	2.36888	5.42865
20.7539	1.01097	2.04868	2.36836	5.428
20.7648	1.01106	2.04847	2.36782	5.42735
20.7757	1.01116	2.04826	2.36728	5.42669
20.7866	1.01125	2.04805	2.36672	5.42603
20.7975	1.01135	2.04785	2.36616	5.42536
20.8085	1.01145	2.04764	2.36559	5.42469
20.8194	1.01155	2.04744	2.36502	5.42401
20.8303	1.01165	2.04724	2.36443	5.42332
20.8412	1.01175	2.04704	2.36383	5.42263
20.8521	1.01186	2.04684	2.36323	5.42193
20.863	1.01196	2.04665	2.36262	5.42122
20.8739	1.01206	2.04645	2.36199	5.42051
20.8848	1.01217	2.04626	2.36136	5.41979
20.8957	1.01228	2.04607	2.36072	5.41907
20.9066	1.01239	2.04588	2.36007	5.41834
20.9175	1.0125	2.04569	2.35941	5.4176
20.9284	1.01261	2.0455	2.35875	5.41685
20.9393	1.01272	2.04531	2.35807	5.4161
20.9502	1.01283	2.04513	2.35738	5.41534
20.9611	1.01294	2.04494	2.35668	5.41457
20.9721	1.01306	2.04476	2.35598	5.41379
20.983	1.01317	2.04458	2.35526	5.41301
20.9939	1.01329	2.0444	2.35454	5.41222
21.0048	1.0134	2.04422	2.3538	5.41142
21.0157	1.01352	2.04404	2.35306	5.41062
21.0266	1.01364	2.04386	2.3523	5.4098
21.0375	1.01376	2.04368	2.35154	5.40898
21.0484	1.01388	2.04351	2.35076	5.40815
21.0593	1.014	2.04333	2.34998	5.40731
21.0702	1.01412	2.04316	2.34918	5.40647
21.0811	1.01424	2.04299	2.34838	5.40561
21.092	1.01437	2.04281	2.34756	5.40475
21.1029	1.01449	2.04264	2.34674	5.40387
21.1138	1.01462	2.04247	2.34591	5.40299
21.1248	1.01474	2.0423	2.34506	5.4021
21.1357	1.01487	2.04213	2.34421	5.40121
21.1466	1.01499	2.04196	2.34334	5.4003
21.1575	1.01512	2.0418	2.34247	5.39938
21.1684	1.01525	2.04163	2.34158	5.39846
21.1793	1.01538	2.04146	2.34069	5.39752
21.1902	1.01551	2.04129	2.33978	5.39658
21.2011	1.01563	2.04113	2.33887	5.39563
21.212	1.01576	2.04096	2.33794	5.39467
21.2229	1.01589	2.04079	2.33701	5.3937
21.2338	1.01603	2.04063	2.33606	5.39271
21.2447	1.01616	2.04046	2.3351	5.39172
21.2556	1.01629	2.0403	2.33414	5.39072
21.2665	1.01642	2.04013	2.33316	5.38972
21.2774	1.01655	2.03997	2.33218	5.3887
21.2884	1.01668	2.0398	2.33118	5.38767
21.2993	1.01682	2.03964	2.33017	5.38663
21.3102	1.01695	2.03947	2.32916	5.38558
21.3211	1.01708	2.03931	2.32813	5.38452
21.332	1.01722	2.03914	2.3271	5.38345
21.3429	1.01735	2.03898	2.32605	5.38238
21.3538	1.01748	2.03881	2.32499	5.38129
21.3647	1.01762	2.03865	2.32393	5.38019
21.3756	1.01775	2.03848	2.32285	5.37908
21.3865	1.01789	2.03831	2.32177	5.37797
21.3974	1.01802	2.03815	2.32067	5.37684
21.4083	1.01815	2.03798	2.31957	5.3757
21.4192	1.01829	2.03781	2.31845	5.37455
21.4301	1.01842	2.03764	2.31733	5.37339
21.4411	1.01856	2.03747	2.31619	5.37222
21.452	1.01869	2.0373	2.31505	5.37104
21.4629	1.01882	2.03713	2.3139	5.36985
21.4738	1.01896	2.03696	2.31273	5.36866
21.4847	1.01909	2.03679	2.31156	5.36745
21.4956	1.01922	2.03662	2.31038	5.36623
21.5065	1.01936	2.03645	2.30919	5.365
21.5174	1.01949	2.03627	2.30799	5.36375
21.5283	1.01962	2.0361	2.30678	5.3625
21.5392	1.01976	2.03592	2.30556	5.36124
21.5501	1.01989	2.03575	2.30434	5.35997
21.561	1.02002	2.03557	2.3031	5.35869
21.5719	1.02015	2.03539	2.30186	5.3574
21.5828	1.02028	2.03521	2.3006	5.3561
21.5937	1.02041	2.03503	2.29934	5.35478
21.6047	1.02054	2.03485	2.29807	5.35346
21.6156	1.02067	2.03467	2.29679	5.35213
21.6265	1.0208	2.03448	2.2955	5.35079
21.6374	1.02093	2.0343	2.29421	5.34943
21.6483	1.02106	2.03411	2.2929	5.34807
21.6592	1.02119	2.03392	2.29159	5.3467
21.6701	1.02132	2.03373	2.29027	5.34531
21.681	1.02144	2.03354	2.28894	5.34392
21.6919	1.02157	2.03335	2.2876	5.34252
21.7028	1.02169	2.03315	2.28625	5.3411
21.7137	1.02182	2.03296	2.2849	5.33968
21.7246	1.02194	2.03276	2.28354	5.33824
21.7355	1.02207	2.03256	2.28217	5.3368
21.7464	1.02219	2.03236	2.28079	5.33535
21.7573	1.02231	2.03216	2.27941	5.33388
21.7683	1.02243	2.03196	2.27802	5.33241
21.7792	1.02255	2.03176	2.27662	5.33093
21.7901	1.02267	2.03155	2.27521	5.32944
21.801	1.02279	2.03134	2.2738	5.32793
21.8119	1.02291	2.03113	2.27238	5.32642
21.8228	1.02303	2.03092	2.27095	5.3249
21.8337	1.02314	2.03071	2.26952	5.32337
21.8446	1.02326	2.03049	2.26808	5.32183
21.8555	1.02337	2.03027	2.26663	5.32028
21.8664	1.02349	2.03006	2.26517	5.31872
21.8773	1.0236	2.02984	2.26371	5.31715
21.8882	1.02371	2.02961	2.26225	5.31557
21.8991	1.02383	2.02939	2.26077	5.31398
21.91	1.02394	2.02916	2.25929	5.31239
21.921	1.02404	2.02893	2.2578	5.31078
21.9319	1.02415	2.0287	2.25631	5.30917
21.9428	1.02426	2.02847	2.25481	5.30754
21.9537	1.02437	2.02824	2.25331	5.30591
21.9646	1.02447	2.028	2.2518	5.30427
21.9755	1.02457	2.02776	2.25028	5.30262
21.9864	1.02468	2.02752	2.24876	5.30096
21.9973	1.02478	2.02728	2.24723	5.29929
22.0082	1.02488	2.02703	2.2457	5.29762
22.0191	1.02498	2.02679	2.24416	5.29593
22.03	1.02508	2.02654	2.24262	5.29424
22.0409	1.02517	2.02629	2.24107	5.29254
22.0518	1.02527	2.02603	2.23952	5.29082
22.0627	1.02537	2.02578	2.23796	5.28911
22.0736	1.02546	2.02552	2.2364	5.28738
22.0846	1.02555	2.02526	2.23483	5.28565
22.0955	1.02564	2.025	2.23326	5.2839
22.1064	1.02573	2.02473	2.23168	5.28215
22.1173	1.02582	2.02447	2.2301	5.28039
22.1282	1.02591	2.0242	2.22852	5.27863
22.1391	1.026	2.02393	2.22693	5.27685
22.15	1.02608	2.02365	2.22533	5.27507
22.1609	1.02617	2.02338	2.22373	5.27328
22.1718	1.02625	2.0231	2.22213	5.27148
22.1827	1.02633	2.02282	2.22053	5.26968
22.1936	1.02641	2.02254	2.21892	5.26786
22.2045	1.02649	2.02225	2.2173	5.26605
22.2154	1.02657	2.02197	2.21568	5.26422
22.2263	1.02664	2.02168	2.21406	5.26238
22.2373	1.02672	2.02138	2.21244	5.26054
22.2482	1.02679	2.02109	2.21081	5.2587
22.2591	1.02687	2.02079	2.20918	5.25684
22.27	1.02694	2.0205	2.20755	5.25498
22.2809	1.02701	2.02019	2.20591	5.25311
22.2918	1.02708	2.01989	2.20427	5.25124
22.3027	1.02714	2.01958	2.20263	5.24935
22.3136	1.02721	2.01928	2.20098	5.24747
22.3245	1.02727	2.01897	2.19933	5.24557
22.3354	1.02734	2.01865	2.19768	5.24367
22.3463	1.0274	2.01834	2.19603	5.24176
22.3572	1.02746	2.01802	2.19437	5.23985
22.3681	1.02752	2.0177	2.19271	5.23793
22.379	1.02757	2.01738	2.19105	5.236
22.3899	1.02763	2.01705	2.18939	5.23407
22.4009	1.02768	2.01673	2.18772	5.23213
22.4118	1.02774	2.0164	2.18605	5.23019
22.4227	1.02779	2.01606	2.18438	5.22824
22.4336	1.02784	2.01573	2.18271	5.22628
22.4445	1.02789	2.01539	2.18104	5.22432
22.4554	1.02794	2.01506	2.17936	5.22236
22.4663	1.02798	2.01471	2.17769	5.22039
22.4772	1.02803	2.01437	2.17601	5.21841
22.4881	1.02807	2.01402	2.17433	5.21643
22.499	1.02812	2.01368	2.17265	5.21444
22.5099	1.02816	2.01333	2.17097	5.21245
22.5208	1.0282	2.01297	2.16928	5.21045
22.5317	1.02823	2.01262	2.1676	5.20845
22.5426	1.02827	2.01226	2.16591	5.20644
22.5535	1.02831	2.0119	2.16422	5.20443
22.5645	1.02834	2.01154	2.16253	5.20241
22.5754	1.02837	2.01117	2.16084	5.20039
22.5863	1.0284	2.01081	2.15915	5.19836
22.5972	1.02843	2.01044	2.15746	5.19633
22.6081	1.02846	2.01007	2.15577	5.1943
22.619	1.02849	2.00969	2.15407	5.19226
22.6299	1.02852	2.00932	2.15238	5.19022
22.6408	1.02854	2.00894	2.15069	5.18817
22.6517	1.02856	2.00856	2.14899	5.18612
22.6626	1.02859	2.00818	2.1473	5.18406
22.6735	1.02861	2.00779	2.1456	5.182
22.6844	1.02862	2.00741	2.14391	5.17994
22.6953	1.02864	2.00702	2.14221	5.17787
22.7062	1.02866	2.00663	2.14051	5.1758
22.7172	1.02867	2.00623	2.13882	5.17372
22.7281	1.02869	2.00584	2.13712	5.17164
22.739	1.0287	2.00544	2.13542	5.16956
22.7499	1.02871	2.00504	2.13373	5.16748
22.7608	1.02872	2.00464	2.13203	5.16539
22.7717	1.02873	2.00423	2.13033	5.16329
22.7826	1.02873	2.00383	2.12864	5.1612
22.7935	1.02874	2.00342	2.12694	5.1591
22.8044	1.02874	2.00301	2.12525	5.157
22.8153	1.02875	2.00259	2.12355	5.15489
22.8262	1.02875	2.00218	2.12186	5.15278
22.8371	1.02875	2.00176	2.12016	5.15067
22.848	1.02875	2.00134	2.11847	5.14856
22.8589	1.02874	2.00092	2.11677	5.14644
22.8698	1.02874	2.0005	2.11508	5.14432
22.8808	1.02874	2.00007	2.11339	5.1422
22.8917	1.02873	1.99965	2.1117	5.14007
22.9026	1.02872	1.99922	2.11001	5.13795
22.9135	1.02871	1.99879	2.10832	5.13582
22.9244	1.0287	1.99835	2.10663	5.13368
22.9353	1.02869	1.99792	2.10494	5.13155
22.9462	1.02868	1.99748	2.10325	5.12941
22.9571	1.02866	1.99704	2.10157	5.12727
22.968	1.02865	1.9966	2.09988	5.12513
22.9789	1.02863	1.99616	2.0982	5.12299
22.9898	1.02861	1.99572	2.09651	5.12084
23.0007	1.0286	1.99527	2.09483	5.11869
23.0116	1.02858	1.99482	2.09315	5.11654
23.0225	1.02855	1.99437	2.09147	5.11439
23.0334	1.02853	1.99392	2.08979	5.11224
23.0444	1.02851	1.99346	2.08811	5.11008
23.0553	1.02848	1.99301	2.08643	5.10793
23.0662	1.02846	1.99255	2.08476	5.10577
23.0771	1.02843	1.99209	2.08308	5.10361
23.088	1.0284	1.99163	2.08141	5.10144
23.0989	1.02837	1.99117	2.07974	5.09928
23.1098	1.02834	1.9907	2.07807	5.09711
23.1207	1.02831	1.99024	2.0764	5.09495
23.1316	1.02827	1.98977	2.07474	5.09278
23.1425	1.02824	1.9893	2.07307	5.09061
23.1534	1.02821	1.98883	2.07141	5.08844
23.1643	1.02817	1.98835	2.06974	5.08627
23.1752	1.02813	1.98788	2.06808	5.08409
23.1861	1.02809	1.9874	2.06642	5.08192
23.1971	1.02805	1.98692	2.06477	5.07974
23.208	1.02801	1.98644	2.06311	5.07757
23.2189	1.02797	1.98596	2.06146	5.07539
23.2298	1.02793	1.98548	2.0598	5.07321
23.2407	1.02788	1.985	2.05815	5.07103
23.2516	1.02784	1.98451	2.0565	5.06885
23.2625	1.02779	1.98402	2.05486	5.06667
23.2734	1.02774	1.98353	2.05321	5.06449
23.2843	1.02769	1.98304	2.05157	5.0623
23.2952	1.02765	1.98255	2.04992	5.06012
23.3061	1.02759	1.98206	2.04828	5.05793
23.317	1.02754	1.98156	2.04665	5.05575
23.3279	1.02749	1.98106	2.04501	5.05356
23.3388	1.02744	1.98056	2.04337	5.05138
23.3497	1.02738	1.98006	2.04174	5.04919
23.3607	1.02733	1.97956	2.04011	5.047
23.3716	1.02727	1.97906	2.03848	5.04481
23.3825	1.02721	1.97856	2.03685	5.04262
23.3934	1.02715	1.97805	2.03523	5.04044
23.4043	1.0271	1.97754	2.03361	5.03825
23.4152	1.02703	1.97704	2.03199	5.03606
23.4261	1.02697	1.97653	2.03037	5.03387
23.437	1.02691	1.97602	2.02875	5.03168
23.4479	1.02685	1.9755	2.02713	5.02949
23.4588	1.02678	1.97499	2.02552	5.0273
23.4697	1.02672	1.97448	2.02391	5.02511
23.4806	1.02665	1.97396	2.0223	5.02291
23.4915	1.02659	1.97344	2.02069	5.02072
23.5024	1.02652	1.97292	2.01909	5.01853
23.5134	1.02645	1.9724	2.01749	5.01634
23.5243	1.02638	1.97188	2.01589	5.01415
23.5352	1.02631	1.97136	2.01429	5.01196
23.5461	1.02624	1.97084	2.01269	5.00976
23.557	1.02617	1.97031	2.0111	5.00757
23.5679	1.02609	1.96978	2.0095	5.00538
23.5788	1.02602	1.96926	2.00791	5.00319
23.5897	1.02595	1.96873	2.00632	5.001
23.6006	1.02587	1.9682	2.00474	4.99881
23.6115	1.02579	1.96767	2.00315	4.99662
23.6224	1.02572	1.96714	2.00157	4.99443
23.6333	1.02564	1.9666	1.99999	4.99224
23.6442	1.02556	1.96607	1.99841	4.99005
23.6551	1.02548	1.96554	1.99684	4.98786
23.666	1.0254	1.965	1.99526	4.98567
23.677	1.02532	1.96446	1.99369	4.98348
23.6879	1.02524	1.96392	1.99212	4.98129
23.6988	1.02516	1.96338	1.99056	4.9791
23.7097	1.02507	1.96284	1.98899	4.97691
23.7206	1.02499	1.9623	1.98743	4.97472
23.7315	1.0249	1.96176	1.98587	4.97253
23.7424	1.02482	1.96122	1.98431	4.97034
23.7533	1.02473	1.96067	1.98275	4.96816
23.7642	1.02465	1.96013	1.9812	4.96597
23.7751	1.02456	1.95958	1.97964	4.96378
23.786	1.02447	1.95903	1.97809	4.9616
23.7969	1.02438	1.95848	1.97655	4.95941
23.8078	1.02429	1.95794	1.975	4.95723
23.8187	1.0242	1.95739	1.97346	4.95504
23.8296	1.02411	1.95683	1.97191	4.95286
23.8406	1.02402	1.95628	1.97037	4.95067
23.8515	1.02393	1.95573	1.96884	4.94849
23.8624	1.02383	1.95518	1.9673	4.94631
23.8733	1.02374	1.95462	1.96577	4.94413
23.8842	1.02365	1.95407	1.96423	4.94195
23.8951	1.02355	1.95351	1.9627	4.93976
23.906	1.02346	1.95295	1.96118	4.93758
23.9169	1.02336	1.95239	1.95965	4.9354
23.9278	1.02326	1.95183	1.95813	4.93322
23.9387	1.02316	1.95127	1.95661	4.93105
23.9496	1.02307	1.95071	1.95509	4.92887
23.9605	1.02297	1.95015	1.95357	4.92669
23.9714	1.02287	1.94959	1.95205	4.92451
23.9823	1.02277	1.94903	1.95054	4.92234
23.9933	1.02267	1.94846	1.94903	4.92016
24.0042	1.02257	1.9479	1.94752	4.91799
24.0151	1.02247	1.94734	1.94601	4.91582
24.026	1.02237	1.94677	1.94451	4.91364
24.0369	1.02226	1.9462	1.943	4.91147
24.0478	1.02216	1.94564	1.9415	4.9093
24.0587	1.02206	1.94507	1.94	4.90713
24.0696	1.02195	1.9445	1.9385	4.90496
24.0805	1.02185	1.94393	1.93701	4.90279
24.0914	1.02174	1.94336	1.93551	4.90062
24.1023	1.02164	1.94279	1.93402	4.89845
24.1132	1.02153	1.94222	1.93253	4.89628
24.1241	1.02142	1.94164	1.93104	4.89411
24.135	1.02132	1.94107	1.92956	4.89195
24.1459	1.02121	1.9405	1.92807	4.88978
24.1569	1.0211	1.93992	1.92659	4.88761
24.1678	1.02099	1.93935	1.92511	4.88545
24.1787	1.02088	1.93877	1.92363	4.88329
24.1896	1.02077	1.9382	1.92215	4.88112
24.2005	1.02066	1.93762	1.92068	4.87896
24.2114	1.02055	1.93704	1.9192	4.8768
24.2223	1.02044	1.93647	1.91773	4.87464
24.2332	1.02033	1.93589	1.91626	4.87248
24.2441	1.02022	1.93531	1.91479	4.87032
24.255	1.02011	1.93473	1.91333	4.86816
24.2659	1.01999	1.93415	1.91186	4.86601
24.2768	1.01988	1.93357	1.9104	4.86385
24.2877	1.01977	1.93299	1.90894	4.86169
24.2986	1.01965	1.9324	1.90748	4.85954
24.3096	1.01954	1.93182	1.90602	4.85738
24.3205	1.01942	1.93124	1.90456	4.85523
24.3314	1.01931	1.93066	1.90311	4.85307
24.3423	1.01919	1.93007	1.90166	4.85092
24.3532	1.01908	1.92949	1.9002	4.84877
24.3641	1.01896	1.9289	1.89875	4.84662
24.375	1.01884	1.92832	1.89731	4.84447
24.3859	1.01873	1.92773	1.89586	4.84232
24.3968	1.01861	1.92714	1.89441	4.84017
24.4077	1.01849	1.92656	1.89297	4.83802
24.4186	1.01837	1.92597	1.89153	4.83587
24.4295	1.01825	1.92538	1.89009	4.83372
24.4404	1.01814	1.92479	1.88865	4.83158
24.4513	1.01802	1.9242	1.88721	4.82943
24.4622	1.0179	1.92361	1.88577	4.82728
24.4732	1.01778	1.92302	1.88434	4.82514
24.4841	1.01766	1.92243	1.88291	4.823
24.495	1.01753	1.92184	1.88148	4.82085
24.5059	1.01741	1.92125	1.88005	4.81871
24.5168	1.01729	1.92066	1.87862	4.81657
24.5277	1.01717	1.92007	1.87719	4.81443
24.5386	1.01705	1.91947	1.87576	4.81228
24.5495	1.01692	1.91888	1.87434	4.81014
24.5604	1.0168	1.91829	1.87292	4.808
24.5713	1.01668	1.91769	1.87149	4.80587
24.5822	1.01656	1.9171	1.87007	4.80373
24.5931	1.01643	1.9165	1.86865	4.80159
24.604	1.01631	1.91591	1.86724	4.79945
24.6149	1.01618	1.91531	1.86582	4.79731
24.6258	1.01606	1.91472	1.8644	4.79518
24.6368	1.01593	1.91412	1.86299	4.79304
24.6477	1.01581	1.91352	1.86158	4.79091
24.6586	1.01568	1.91292	1.86017	4.78877
24.6695	1.01556	1.91233	1.85876	4.78664
24.6804	1.01543	1.91173	1.85735	4.78451
24.6913	1.0153	1.91113	1.85594	4.78237
24.7022	1.01518	1.91053	1.85453	4.78024
24.7131	1.01505	1.90993	1.85313	4.77811
24.724	1.01492	1.90933	1.85172	4.77598
24.7349	1.0148	1.90873	1.85032	4.77385
24.7458	1.01467	1.90813	1.84892	4.77171
24.7567	1.01454	1.90753	1.84751	4.76958
24.7676	1.01441	1.90693	1.84611	4.76745
24.7785	1.01428	1.90633	1.84472	4.76532
24.7895	1.01415	1.90573	1.84332	4.7632
24.8004	1.01402	1.90512	1.84192	4.76107
24.8113	1.0139	1.90452	1.84052	4.75894
24.8222	1.01377	1.90392	1.83913	4.75681
24.8331	1.01364	1.90331	1.83774	4.75468
24.844	1.01351	1.90271	1.83634	4.75256
24.8549	1.01338	1.90211	1.83495	4.75043
24.8658	1.01324	1.9015	1.83356	4.7483
24.8767	1.01311	1.9009	1.83217	4.74618
24.8876	1.01298	1.90029	1.83078	4.74405
24.8985	1.01285	1.89969	1.82939	4.74193
24.9094	1.01272	1.89908	1.828	4.7398
24.9203	1.01259	1.89847	1.82662	4.73768
24.9312	1.01245	1.89787	1.82523	4.73555
24.9421	1.01232	1.89726	1.82385	4.73343
24.9531	1.01219	1.89665	1.82246	4.73131
24.964	1.01206	1.89605	1.82108	4.72918
24.9749	1.01192	1.89544	1.8197	4.72706
24.9858	1.01179	1.89483	1.81832	4.72494
24.9967	1.01166	1.89422	1.81694	4.72281
25.0076	1.01152	1.89361	1.81556	4.72069
25.0185	1.01139	1.893	1.81418	4.71857
25.0294	1.01126	1.89239	1.8128	4.71645
25.0403	1.01112	1.89178	1.81142	4.71432
25.0512	1.01099	1.89117	1.81004	4.7122
25.0621	1.01085	1.89056	1.80867	4.71008
25.073	1.01072	1.88995	1.80729	4.70796
25.0839	1.01058	1.88934	1.80592	4.70584
25.0948	1.01045	1.88873	1.80454	4.70372
25.1057	1.01031	1.88812	1.80317	4.7016
25.1167	1.01018	1.8875	1.8018	4.69948
25.1276	1.01004	1.88689	1.80042	4.69735
25.1385	1.0099	1.88628	1.79905	4.69523
25.1494	1.00977	1.88566	1.79768	4.69311
25.1603	1.00963	1.88505	1.79631	4.69099
25.1712	1.00949	1.88444	1.79494	4.68887
25.1821	1.00936	1.88382	1.79357	4.68675
25.193	1.00922	1.88321	1.7922	4.68463
25.2039	1.00908	1.88259	1.79083	4.68251
25.2148	1.00894	1.88198	1.78946	4.68039
25.2257	1.00881	1.88136	1.7881	4.67826
25.2366	1.00867	1.88075	1.78673	4.67614
25.2475	1.00853	1.88013	1.78536	4.67402
25.2584	1.00839	1.87951	1.784	4.6719
25.2694	1.00825	1.8789	1.78263	4.66978
25.2803	1.00811	1.87828	1.78127	4.66766
25.2912	1.00798	1.87766	1.7799	4.66554
25.3021	1.00784	1.87704	1.77854	4.66342
25.313	1.0077	1.87643	1.77717	4.6613
25.3239	1.00756	1.87581	1.77581	4.65917
25.3348	1.00742	1.87519	1.77445	4.65705
25.3457	1.00728	1.87457	1.77308	4.65493
25.3566	1.00714	1.87395	1.77172	4.65281
25.3675	1.007	1.87333	1.77036	4.65069
25.3784	1.00686	1.87271	1.769	4.64856
25.3893	1.00672	1.87209	1.76764	4.64644
25.4002	1.00657	1.87147	1.76627	4.64432
25.4111	1.00643	1.87085	1.76491	4.64219
25.422	1.00629	1.87023	1.76355	4.64007
25.433	1.00615	1.8696	1.76219	4.63795
25.4439	1.00601	1.86898	1.76083	4.63582
25.4548	1.00587	1.86836	1.75947	4.6337
25.4657	1.00573	1.86774	1.75811	4.63157
25.4766	1.00558	1.86711	1.75675	4.62945
25.4875	1.00544	1.86649	1.75539	4.62732
25.4984	1.0053	1.86587	1.75403	4.6252
25.5093	1.00516	1.86524	1.75267	4.62307
25.5202	1.00501	1.86462	1.75131	4.62095
25.5311	1.00487	1.86399	1.74996	4.61882
25.542	1.00473	1.86337	1.7486	4.61669
25.5529	1.00458	1.86274	1.74724	4.61456
25.5638	1.00444	1.86212	1.74588	4.61244
25.5747	1.00429	1.86149	1.74452	4.61031
25.5857	1.00415	1.86087	1.74316	4.60818
25.5966	1.00401	1.86024	1.74181	4.60605
25.6075	1.00386	1.85961	1.74045	4.60392
25.6184	1.00372	1.85898	1.73909	4.60179
25.6293	1.00357	1.85836	1.73773	4.59966
25.6402	1.00343	1.85773	1.73637	4.59753
25.6511	1.00328	1.8571	1.73502	4.5954
25.662	1.00314	1.85647	1.73366	4.59326
25.6729	1.00299	1.85584	1.7323	4.59113
25.6838	1.00285	1.85521	1.73094	4.589
25.6947	1.0027	1.85458	1.72958	4.58687
25.7056	1.00255	1.85395	1.72823	4.58473
25.7165	1.00241	1.85332	1.72687	4.5826
25.7274	1.00226	1.85269	1.72551	4.58046
25.7383	1.00211	1.85206	1.72415	4.57833
25.7493	1.00197	1.85143	1.7228	4.57619
25.7602	1.00182	1.85079	1.72144	4.57405
25.7711	1.00167	1.85016	1.72008	4.57191
25.782	1.00153	1.84953	1.71872	4.56978
25.7929	1.00138	1.8489	1.71736	4.56764
25.8038	1.00123	1.84826	1.716	4.5655
25.8147	1.00108	1.84763	1.71465	4.56335
25.8256	1.00093	1.84699	1.71329	4.56121
25.8365	1.00078	1.84636	1.71193	4.55907
25.8474	1.00064	1.84572	1.71057	4.55693
25.8583	1.00049	1.84509	1.70921	4.55479
25.8692	1.00034	1.84445	1.70785	4.55264
25.8801	1.00019	1.84382	1.70649	4.5505
25.891	1.00004	1.84318	1.70513	4.54835
25.9019	0.999891	1.84254	1.70377	4.54621
25.9129	0.999741	1.84191	1.70241	4.54406
25.9238	0.999591	1.84127	1.70105	4.54191
25.9347	0.999441	1.84063	1.69969	4.53976
25.9456	0.999291	1.83999	1.69833	4.53761
25.9565	0.99914	1.83935	1.69697	4.53546
25.9674	0.998989	1.83871	1.69561	4.53331
25.9783	0.998838	1.83807	1.69425	4.53116
25.9892	0.998687	1.83743	1.69289	4.52901
26.0001	0.998535	1.83679	1.69153	4.52685
26.011	0.998383	1.83615	1.69017	4.5247
26.0219	0.998231	1.83551	1.6888	4.52254
26.0328	0.998079	1.83487	1.68744	4.52039
26.0437	0.997927	1.83423	1.68608	4.51823
26.0546	0.997774	1.83358	1.68472	4.51607
26.0656	0.997622	1.83294	1.68335	4.51391
26.0765	0.997469	1.8323	1.68199	4.51175
26.0874	0.997316	1.83165	1.68062	4.50959
26.0983	0.997163	1.83101	1.67926	4.50743
26.1092	0.997009	1.83036	1.6779	4.50527
26.1201	0.996856	1.82972	1.67653	4.50311
26.131	0.996702	1.82907	1.67517	4.50094
26.1419	0.996548	1.82843	1.6738	4.49878
26.1528	0.996394	1.82778	1.67244	4.49661
26.1637	0.996239	1.82713	1.67107	4.49444
26.1746	0.996084	1.82649	1.6697	4.49227
26.1855	0.995929	1.82584	1.66834	4.49011
26.1964	0.995774	1.82519	1.66697	4.48793
26.2073	0.995618	1.82454	1.6656	4.48576
26.2182	0.995462	1.82389	1.66423	4.48359
26.2292	0.995306	1.82325	1.66286	4.48142
26.2401	0.99515	1.8226	1.6615	4.47924
26.251	0.994993	1.82195	1.66013	4.47707
26.2619	0.994837	1.82129	1.65876	4.47489
26.2728	0.99468	1.82064	1.65739	4.47271
26.2837	0.994523	1.81999	1.65602	4.47053
26.2946	0.994366	1.81934	1.65465	4.46835
26.3055	0.994208	1.81869	1.65328	4.46617
26.3164	0.994051	1.81804	1.6519	4.46399
26.3273	0.993893	1.81738	1.65053	4.46181
26.3382	0.993735	1.81673	1.64916	4.45962
26.3491	0.993576	1.81607	1.64779	4.45744
26.36	0.993418	1.81542	1.64641	4.45525
26.3709	0.993259	1.81476	1.64504	4.45306
26.3819	0.9931	1.81411	1.64367	4.45087
26.3928	0.99294	1.81345	1.64229	4.44868
26.4037	0.99278	1.8128	1.64092	4.44649
26.4146	0.99262	1.81214	1.63954	4.4443
26.4255	0.99246	1.81148	1.63816	4.44211
26.4364	0.992299	1.81082	1.63679	4.43991
26.4473	0.992139	1.81017	1.63541	4.43771
26.4582	0.991977	1.80951	1.63403	4.43552
26.4691	0.991816	1.80885	1.63266	4.43332
26.48	0.991655	1.80819	1.63128	4.43112
26.4909	0.991493	1.80753	1.6299	4.42892
26.5018	0.991331	1.80687	1.62852	4.42672
26.5127	0.991169	1.80621	1.62714	4.42451
26.5236	0.991007	1.80554	1.62576	4.42231
26.5345	0.990845	1.80488	1.62438	4.4201
26.5455	0.990682	1.80422	1.623	4.4179
26.5564	0.990519	1.80356	1.62161	4.41569
26.5673	0.990356	1.80289	1.62023	4.41348
26.5782	0.990192	1.80223	1.61885	4.41127
26.5891	0.990028	1.80156	1.61747	4.40906
26.6	0.989864	1.8009	1.61608	4.40684
26.6109	0.989699	1.80023	1.6147	4.40463
26.6218	0.989534	1.79957	1.61331	4.40241
26.6327	0.989369	1.7989	1.61193	4.4002
26.6436	0.989204	1.79823	1.61054	4.39798
26.6545	0.989038	1.79757	1.60915	4.39576
26.6654	0.988872	1.7969	1.60777	4.39354
26.6763	0.988706	1.79623	1.60638	4.39131
26.6872	0.988539	1.79556	1.60499	4.38909
26.6981	0.988373	1.79489	1.6036	4.38687
26.7091	0.988206	1.79422	1.60221	4.38464
26.72	0.988039	1.79355	1.60082	4.38241
26.7309	0.987871	1.79288	1.59943	4.38018
26.7418	0.987704	1.79221	1.59804	4.37795
26.7527	0.987536	1.79154	1.59665	4.37572
26.7636	0.987368	1.79086	1.59526	4.37349
26.7745	0.987199	1.79019	1.59387	4.37125
26.7854	0.987031	1.78952	1.59247	4.36902
26.7963	0.986862	1.78884	1.59108	4.36678
26.8072	0.986692	1.78817	1.58969	4.36454
26.8181	0.986523	1.78749	1.58829	4.3623
26.829	0.986352	1.78682	1.5869	4.36006
26.8399	0.986182	1.78614	1.5855	4.35782
26.8508	0.986011	1.78546	1.5841	4.35558
26.8618	0.98584	1.78479	1.58271	4.35333
26.8727	0.985669	1.78411	1.58131	4.35109
26.8836	0.985497	1.78343	1.57991	4.34884
26.8945	0.985326	1.78275	1.57851	4.34659
26.9054	0.985153	1.78207	1.57711	4.34434
26.9163	0.984981	1.78139	1.57571	4.34209
26.9272	0.984808	1.78071	1.57431	4.33983
26.9381	0.984635	1.78003	1.57291	4.33758
26.949	0.984462	1.77935	1.57151	4.33532
26.9599	0.984289	1.77867	1.57011	4.33307
26.9708	0.984115	1.77798	1.56871	4.33081
26.9817	0.983941	1.7773	1.5673	4.32855
26.9926	0.983767	1.77662	1.5659	4.32629
27.0035	0.983592	1.77593	1.5645	4.32402
27.0144	0.983417	1.77525	1.56309	4.32176
27.0254	0.983242	1.77456	1.56169	4.31949
27.0363	0.983067	1.77388	1.56028	4.31723
27.0472	0.982891	1.77319	1.55888	4.31496
27.0581	0.982714	1.77251	1.55747	4.31269
27.069	0.982537	1.77182	1.55606	4.31042
27.0799	0.98236	1.77113	1.55465	4.30814
27.0908	0.982183	1.77044	1.55325	4.30587
27.1017	0.982005	1.76975	1.55184	4.30359
27.1126	0.981827	1.76906	1.55043	4.30132
27.1235	0.981649	1.76837	1.54902	4.29904
27.1344	0.98147	1.76768	1.54761	4.29676
27.1453	0.981292	1.76699	1.54619	4.29448
27.1562	0.981112	1.7663	1.54478	4.2922
27.1671	0.980933	1.76561	1.54337	4.28991
27.1781	0.980753	1.76492	1.54196	4.28763
27.189	0.980573	1.76422	1.54054	4.28534
27.1999	0.980393	1.76353	1.53913	4.28305
27.2108	0.980213	1.76283	1.53772	4.28076
27.2217	0.980032	1.76214	1.5363	4.27847
27.2326	0.97985	1.76144	1.53489	4.27618
27.2435	0.979669	1.76075	1.53347	4.27389
27.2544	0.979487	1.76005	1.53205	4.27159
27.2653	0.979304	1.75935	1.53064	4.2693
27.2762	0.979122	1.75866	1.52922	4.267
27.2871	0.978939	1.75796	1.5278	4.2647
27.298	0.978755	1.75726	1.52638	4.2624
27.3089	0.978571	1.75656	1.52496	4.2601
27.3198	0.978387	1.75586	1.52355	4.25779
27.3307	0.978203	1.75516	1.52213	4.25549
27.3417	0.978018	1.75446	1.5207	4.25318
27.3526	0.977832	1.75376	1.51928	4.25087
27.3635	0.977647	1.75306	1.51786	4.24857
27.3744	0.977461	1.75235	1.51644	4.24626
27.3853	0.977275	1.75165	1.51502	4.24394
27.3962	0.977089	1.75095	1.5136	4.24163
27.4071	0.976902	1.75024	1.51217	4.23932
27.418	0.976715	1.74954	1.51075	4.237
27.4289	0.976528	1.74883	1.50932	4.23468
27.4398	0.97634	1.74813	1.5079	4.23236
27.4507	0.976152	1.74742	1.50647	4.23004
27.4616	0.975964	1.74671	1.50505	4.22772
27.4725	0.975775	1.746	1.50362	4.2254
27.4834	0.975586	1.7453	1.50219	4.22308
27.4943	0.975397	1.74459	1.50077	4.22075
27.5053	0.975207	1.74388	1.49934	4.21843
27.5162	0.975017	1.74317	1.49791	4.2161
27.5271	0.974826	1.74246	1.49648	4.21377
27.538	0.974635	1.74175	1.49505	4.21144
27.5489	0.974444	1.74104	1.49363	4.20911
27.5598	0.974252	1.74033	1.4922	4.20677
27.5707	0.97406	1.73961	1.49077	4.20444
27.5816	0.973867	1.7389	1.48933	4.2021
27.5925	0.973675	1.73819	1.4879	4.19977
27.6034	0.973481	1.73747	1.48647	4.19743
27.6143	0.973288	1.73676	1.48504	4.19509
27.6252	0.973094	1.73604	1.48361	4.19275
27.6361	0.9729	1.73533	1.48218	4.1904
27.647	0.972706	1.73461	1.48074	4.18806
27.658	0.972511	1.73389	1.47931	4.18571
27.6689	0.972316	1.73318	1.47787	4.18337
27.6798	0.972121	1.73246	1.47644	4.18102
27.6907	0.971925	1.73174	1.47501	4.17867
27.7016	0.971729	1.73102	1.47357	4.17632
27.7125	0.971533	1.7303	1.47214	4.17397
27.7234	0.971336	1.72958	1.4707	4.17162
27.7343	0.971138	1.72886	1.46926	4.16927
27.7452	0.970941	1.72814	1.46783	4.16691
27.7561	0.970743	1.72742	1.46639	4.16455
27.767	0.970544	1.7267	1.46495	4.1622
27.7779	0.970345	1.72598	1.46352	4.15984
27.7888	0.970146	1.72525	1.46208	4.15748
27.7997	0.969946	1.72453	1.46064	4.15512
27.8106	0.969746	1.7238	1.4592	4.15275
27.8216	0.969546	1.72308	1.45776	4.15039
27.8325	0.969345	1.72235	1.45632	4.14802
27.8434	0.969144	1.72163	1.45489	4.14566
27.8543	0.968943	1.7209	1.45345	4.14329
27.8652	0.968741	1.72017	1.45201	4.14092
27.8761	0.968539	1.71945	1.45057	4.13855
27.887	0.968337	1.71872	1.44912	4.13618
27.8979	0.968134	1.71799	1.44768	4.13381
27.9088	0.967931	1.71726	1.44624	4.13144
27.9197	0.967728	1.71653	1.4448	4.12906
27.9306	0.967524	1.7158	1.44336	4.12669
27.9415	0.96732	1.71507	1.44192	4.12431
27.9524	0.967115	1.71434	1.44048	4.12193
27.9633	0.96691	1.71361	1.43903	4.11955
27.9742	0.966705	1.71288	1.43759	4.11718
27.9852	0.966499	1.71215	1.43615	4.11479
27.9961	0.966293	1.71141	1.43471	4.11241
28.007	0.966086	1.71068	1.43326	4.11003
28.0179	0.965879	1.70995	1.43182	4.10764
28.0288	0.965672	1.70921	1.43038	4.10526
28.0397	0.965464	1.70848	1.42893	4.10287
28.0506	0.965256	1.70774	1.42749	4.10048
28.0615	0.965047	1.707	1.42604	4.09809
28.0724	0.964838	1.70627	1.4246	4.0957
28.0833	0.964629	1.70553	1.42315	4.09331
28.0942	0.96442	1.70479	1.42171	4.09092
28.1051	0.96421	1.70405	1.42026	4.08853
28.116	0.964	1.70332	1.41882	4.08614
28.1269	0.963789	1.70258	1.41737	4.08374
28.1379	0.963579	1.70184	1.41593	4.08134
28.1488	0.963367	1.7011	1.41448	4.07895
28.1597	0.963156	1.70036	1.41304	4.07655
28.1706	0.962944	1.69962	1.41159	4.07415
28.1815	0.962732	1.69888	1.41015	4.07175
28.1924	0.962519	1.69813	1.4087	4.06935
28.2033	0.962306	1.69739	1.40725	4.06695
28.2142	0.962092	1.69665	1.40581	4.06455
28.2251	0.961878	1.69591	1.40436	4.06215
28.236	0.961663	1.69516	1.40292	4.05974
28.2469	0.961449	1.69442	1.40147	4.05734
28.2578	0.961233	1.69367	1.40002	4.05493
28.2687	0.961018	1.69293	1.39858	4.05252
28.2796	0.960802	1.69218	1.39713	4.05011
28.2905	0.960585	1.69144	1.39568	4.0477
28.3015	0.960369	1.69069	1.39424	4.04529
28.3124	0.960152	1.68994	1.39279	4.04288
28.3233	0.959934	1.68919	1.39134	4.04047
28.3342	0.959717	1.68845	1.3899	4.03806
28.3451	0.959499	1.6877	1.38845	4.03565
28.356	0.95928	1.68695	1.387	4.03323
28.3669	0.959062	1.6862	1.38556	4.03082
28.3778	0.958843	1.68545	1.38411	4.0284
28.3887	0.958623	1.6847	1.38266	4.02599
28.3996	0.958403	1.68395	1.38122	4.02357
28.4105	0.958183	1.6832	1.37977	4.02115
28.4214	0.957963	1.68245	1.37832	4.01873
28.4323	0.957742	1.6817	1.37688	4.01632
28.4432	0.95752	1.68094	1.37543	4.0139
28.4542	0.957298	1.68019	1.37398	4.01147
28.4651	0.957076	1.67944	1.37254	4.00905
28.476	0.956853	1.67868	1.37109	4.00663
28.4869	0.95663	1.67793	1.36965	4.00421
28.4978	0.956407	1.67718	1.3682	4.00178
28.5087	0.956183	1.67642	1.36675	3.99936
28.5196	0.955959	1.67567	1.36531	3.99693
28.5305	0.955734	1.67491	1.36386	3.99451
28.5414	0.955509	1.67415	1.36242	3.99208
28.5523	0.955284	1.6734	1.36097	3.98965
28.5632	0.955059	1.67264	1.35953	3.98722
28.5741	0.954833	1.67188	1.35808	3.9848
28.585	0.954607	1.67113	1.35664	3.98237
28.5959	0.95438	1.67037	1.35519	3.97994
28.6068	0.954153	1.66961	1.35375	3.97751
28.6178	0.953926	1.66885	1.3523	3.97508
28.6287	0.953699	1.66809	1.35086	3.97265
28.6396	0.953471	1.66733	1.34941	3.97022
28.6505	0.953243	1.66657	1.34797	3.96779
28.6614	0.953014	1.66581	1.34653	3.96535
28.6723	0.952785	1.66505	1.34508	3.96292
28.6832	0.952555	1.66429	1.34364	3.96049
28.6941	0.952325	1.66353	1.3422	3.95805
28.705	0.952095	1.66277	1.34075	3.95562
28.7159	0.951864	1.66201	1.33931	3.95318
28.7268	0.951633	1.66124	1.33787	3.95075
28.7377	0.951401	1.66048	1.33643	3.94831
28.7486	0.951169	1.65972	1.33499	3.94587
28.7595	0.950937	1.65895	1.33355	3.94344
28.7704	0.950705	1.65819	1.3321	3.941
28.7814	0.950472	1.65743	1.33066	3.93856
28.7923	0.950239	1.65666	1.32922	3.93612
28.8032	0.950005	1.6559	1.32778	3.93368
28.8141	0.949771	1.65513	1.32634	3.93125
28.825	0.949537	1.65437	1.3249	3.92881
28.8359	0.949303	1.6536	1.32346	3.92637
28.8468	0.949068	1.65283	1.32203	3.92393
28.8577	0.948833	1.65207	1.32059	3.92149
28.8686	0.948598	1.6513	1.31915	3.91905
28.8795	0.948362	1.65053	1.31771	3.91661
28.8904	0.948126	1.64977	1.31627	3.91417
28.9013	0.947889	1.649	1.31484	3.91173
28.9122	0.947652	1.64823	1.3134	3.90929
28.9231	0.947415	1.64746	1.31197	3.90684
28.9341	0.947177	1.64669	1.31053	3.9044
28.945	0.946939	1.64592	1.3091	3.90196
28.9559	0.9467	1.64516	1.30766	3.89952
28.9668	0.946461	1.64439	1.30623	3.89707
28.9777	0.946222	1.64362	1.30479	3.89463
28.9886	0.945982	1.64285	1.30336	3.89219
28.9995	0.945742	1.64208	1.30193	3.88974
29.0104	0.945502	1.64131	1.30049	3.8873
29.0213	0.945261	1.64053	1.29906	3.88486
29.0322	0.945021	1.63976	1.29763	3.88241
29.0431	0.944779	1.63899	1.2962	3.87997
29.054	0.944538	1.63822	1.29477	3.87753
29.0649	0.944296	1.63745	1.29334	3.87508
29.0758	0.944054	1.63668	1.29191	3.87264
29.0867	0.943812	1.6359	1.29048	3.8702
29.0977	0.943569	1.63513	1.28905	3.86775
29.1086	0.943327	1.63436	1.28762	3.86531
29.1195	0.943083	1.63359	1.2862	3.86287
29.1304	0.942839	1.63281	1.28477	3.86042
29.1413	0.942595	1.63204	1.28335	3.85798
29.1522	0.942351	1.63127	1.28192	3.85554
29.1631	0.942106	1.63049	1.2805	3.85309
29.174	0.941861	1.62972	1.27907	3.85065
29.1849	0.941615	1.62894	1.27765	3.84821
29.1958	0.941369	1.62817	1.27623	3.84576
29.2067	0.941123	1.62739	1.2748	3.84332
29.2176	0.940876	1.62662	1.27338	3.84087
29.2285	0.940629	1.62584	1.27196	3.83843
29.2394	0.940381	1.62507	1.27054	3.83599
29.2504	0.940134	1.62429	1.26912	3.83355
29.2613	0.939886	1.62352	1.2677	3.8311
29.2722	0.939638	1.62274	1.26628	3.82866
29.2831	0.939389	1.62196	1.26486	3.82622
29.294	0.939141	1.62119	1.26345	3.82378
29.3049	0.938892	1.62041	1.26203	3.82133
29.3158	0.938643	1.61963	1.26062	3.81889
29.3267	0.938393	1.61886	1.2592	3.81645
29.3376	0.938144	1.61808	1.25779	3.81401
29.3485	0.937894	1.6173	1.25637	3.81157
29.3594	0.937643	1.61653	1.25496	3.80913
29.3703	0.937392	1.61575	1.25355	3.80669
29.3812	0.937141	1.61497	1.25214	3.80425
29.3921	0.93689	1.61419	1.25073	3.80181
29.403	0.936638	1.61341	1.24932	3.79937
29.414	0.936386	1.61264	1.24791	3.79693
29.4249	0.936133	1.61186	1.2465	3.79449
29.4358	0.93588	1.61108	1.24509	3.79205
29.4467	0.935627	1.6103	1.24369	3.78962
29.4576	0.935373	1.60952	1.24228	3.78718
29.4685	0.935119	1.60874	1.24088	3.78474
29.4794	0.934865	1.60797	1.23947	3.7823
29.4903	0.93461	1.60719	1.23807	3.77987
29.5012	0.934356	1.60641	1.23667	3.77743
29.5121	0.934101	1.60563	1.23527	3.775
29.523	0.933846	1.60485	1.23387	3.77256
29.5339	0.93359	1.60407	1.23247	3.77013
29.5448	0.933335	1.60329	1.23107	3.76769
29.5557	0.933079	1.60251	1.22967	3.76526
29.5666	0.932823	1.60173	1.22827	3.76283
29.5776	0.932567	1.60095	1.22688	3.7604
29.5885	0.93231	1.60017	1.22548	3.75797
29.5994	0.932053	1.59939	1.22409	3.75553
29.6103	0.931796	1.59861	1.22269	3.7531
29.6212	0.931538	1.59783	1.2213	3.75067
29.6321	0.93128	1.59705	1.21991	3.74825
29.643	0.931022	1.59627	1.21852	3.74582
29.6539	0.930763	1.59549	1.21713	3.74339
29.6648	0.930504	1.59471	1.21574	3.74096
29.6757	0.930245	1.59393	1.21436	3.73853
29.6866	0.929985	1.59315	1.21297	3.73611
29.6975	0.929725	1.59237	1.21158	3.73368
29.7084	0.929465	1.59159	1.2102	3.73126
29.7193	0.929205	1.59081	1.20882	3.72883
29.7303	0.928944	1.59003	1.20743	3.72641
29.7412	0.928683	1.58925	1.20605	3.72399
29.7521	0.928422	1.58847	1.20467	3.72157
29.763	0.928161	1.58769	1.20329	3.71915
29.7739	0.9279	1.58691	1.20191	3.71673
29.7848	0.927638	1.58613	1.20054	3.71431
29.7957	0.927376	1.58535	1.19916	3.71189
29.8066	0.927114	1.58457	1.19779	3.70947
29.8175	0.926852	1.58379	1.19641	3.70705
29.8284	0.926589	1.58301	1.19504	3.70464
29.8393	0.926326	1.58223	1.19367	3.70222
29.8502	0.926063	1.58145	1.1923	3.69981
29.8611	0.9258	1.58067	1.19093	3.6974
29.872	0.925536	1.57989	1.18956	3.69498
29.8829	0.925272	1.57911	1.18819	3.69257
29.8939	0.925008	1.57833	1.18682	3.69016
29.9048	0.924743	1.57755	1.18546	3.68775
29.9157	0.924478	1.57677	1.1841	3.68534
29.9266	0.924213	1.57599	1.18273	3.68294
29.9375	0.923947	1.57521	1.18137	3.68053
29.9484	0.923681	1.57443	1.18001	3.67812
29.9593	0.923415	1.57365	1.17865	3.67572
29.9702	0.923149	1.57287	1.17729	3.67331
29.9811	0.922883	1.57209	1.17594	3.67091
29.992	0.922616	1.57131	1.17458	3.66851
30.0029	0.92235	1.57053	1.17323	3.66611
30.0138	0.922083	1.56975	1.17187	3.66371
30.0247	0.921816	1.56897	1.17052	3.66131
30.0356	0.921548	1.56819	1.16917	3.65891
30.0465	0.921281	1.56742	1.16782	3.65652
30.0575	0.921014	1.56664	1.16647	3.65412
30.0684	0.920746	1.56586	1.16513	3.65173
30.0793	0.920478	1.56508	1.16378	3.64934
30.0902	0.920209	1.5643	1.16244	3.64694
30.1011	0.919941	1.56352	1.16109	3.64455
30.112	0.919672	1.56274	1.15975	3.64216
30.1229	0.919403	1.56196	1.15841	3.63978
30.1338	0.919134	1.56119	1.15707	3.63739
30.1447	0.918864	1.56041	1.15573	3.635
30.1556	0.918594	1.55963	1.1544	3.63262
30.1665	0.918324	1.55885	1.15306	3.63024
30.1774	0.918053	1.55808	1.15173	3.62786
30.1883	0.917783	1.5573	1.15039	3.62547
30.1992	0.917512	1.55652	1.14906	3.62309
30.2102	0.917241	1.55574	1.14773	3.62072
30.2211	0.91697	1.55497	1.1464	3.61834
30.232	0.916698	1.55419	1.14507	3.61596
30.2429	0.916427	1.55341	1.14375	3.61359
30.2538	0.916155	1.55264	1.14242	3.61122
30.2647	0.915884	1.55186	1.1411	3.60884
30.2756	0.915612	1.55108	1.13978	3.60647
30.2865	0.91534	1.55031	1.13846	3.60411
30.2974	0.915068	1.54953	1.13714	3.60174
30.3083	0.914795	1.54876	1.13582	3.59937
30.3192	0.914523	1.54798	1.1345	3.59701
30.3301	0.91425	1.54721	1.13319	3.59465
30.341	0.913977	1.54643	1.13188	3.59228
30.3519	0.913704	1.54566	1.13056	3.58992
30.3628	0.913431	1.54488	1.12925	3.58757
30.3738	0.913157	1.54411	1.12794	3.58521
30.3847	0.912883	1.54333	1.12664	3.58285
30.3956	0.912609	1.54256	1.12533	3.5805
30.4065	0.912335	1.54179	1.12402	3.57815
30.4174	0.912061	1.54101	1.12272	3.57579
30.4283	0.911786	1.54024	1.12142	3.57345
30.4392	0.911511	1.53947	1.12012	3.5711
30.4501	0.911236	1.5387	1.11882	3.56875
30.461	0.91096	1.53792	1.11752	3.5664
30.4719	0.910685	1.53715	1.11622	3.56406
30.4828	0.91041	1.53638	1.11493	3.56172
30.4937	0.910134	1.53561	1.11364	3.55938
30.5046	0.909859	1.53484	1.11235	3.55704
30.5155	0.909583	1.53406	1.11106	3.5547
30.5265	0.909307	1.53329	1.10977	3.55237
30.5374	0.909031	1.53252	1.10848	3.55003
30.5483	0.908755	1.53175	1.10719	3.5477
30.5592	0.908479	1.53098	1.10591	3.54537
30.5701	0.908203	1.53021	1.10463	3.54304
30.581	0.907926	1.52944	1.10335	3.54071
30.5919	0.907649	1.52867	1.10207	3.53839
30.6028	0.907373	1.5279	1.10079	3.53607
30.6137	0.907096	1.52714	1.09951	3.53374
30.6246	0.906818	1.52637	1.09824	3.53142
30.6355	0.906541	1.5256	1.09696	3.52911
30.6464	0.906263	1.52483	1.09569	3.52679
30.6573	0.905985	1.52407	1.09442	3.52447
30.6682	0.905707	1.5233	1.09315	3.52216
30.6791	0.905429	1.52253	1.09189	3.51985
30.6901	0.905151	1.52177	1.09062	3.51754
30.701	0.904872	1.521	1.08936	3.51523
30.7119	0.904593	1.52023	1.0881	3.51292
30.7228	0.904315	1.51947	1.08684	3.51062
30.7337	0.904036	1.5187	1.08558	3.50832
30.7446	0.903757	1.51794	1.08432	3.50602
30.7555	0.903478	1.51717	1.08307	3.50372
30.7664	0.9032	1.51641	1.08181	3.50142
30.7773	0.902921	1.51565	1.08056	3.49912
30.7882	0.902642	1.51488	1.07931	3.49683
30.7991	0.902362	1.51412	1.07806	3.49454
30.81	0.902083	1.51336	1.07681	3.49225
30.8209	0.901804	1.51259	1.07557	3.48996
30.8318	0.901524	1.51183	1.07432	3.48768
30.8427	0.901245	1.51107	1.07308	3.48539
30.8537	0.900965	1.51031	1.07184	3.48311
30.8646	0.900685	1.50955	1.0706	3.48083
30.8755	0.900405	1.50879	1.06936	3.47856
30.8864	0.900125	1.50803	1.06813	3.47628
30.8973	0.899844	1.50727	1.06689	3.47401
30.9082	0.899564	1.50651	1.06566	3.47174
30.9191	0.899283	1.50575	1.06443	3.46947
30.93	0.899002	1.50499	1.0632	3.4672
30.9409	0.898721	1.50424	1.06197	3.46493
30.9518	0.89844	1.50348	1.06075	3.46267
30.9627	0.898159	1.50272	1.05952	3.46041
30.9736	0.897878	1.50196	1.0583	3.45815
30.9845	0.897597	1.50121	1.05708	3.45589
30.9954	0.897316	1.50045	1.05586	3.45363
31.0064	0.897034	1.4997	1.05465	3.45138
31.0173	0.896753	1.49894	1.05343	3.44912
31.0282	0.896472	1.49819	1.05222	3.44687
31.0391	0.89619	1.49743	1.051	3.44463
31.05	0.895909	1.49668	1.04979	3.44238
31.0609	0.895627	1.49592	1.04859	3.44014
31.0718	0.895346	1.49517	1.04738	3.4379
31.0827	0.895064	1.49442	1.04618	3.43566
31.0936	0.894783	1.49367	1.04497	3.43342
31.1045	0.894501	1.49292	1.04377	3.43119
31.1154	0.894219	1.49216	1.04257	3.42895
31.1263	0.893937	1.49141	1.04137	3.42673
31.1372	0.893655	1.49066	1.04018	3.4245
31.1481	0.893372	1.48991	1.03898	3.42227
31.159	0.89309	1.48917	1.03779	3.42005
31.17	0.892807	1.48842	1.0366	3.41783
31.1809	0.892525	1.48767	1.03541	3.41561
31.1918	0.892242	1.48692	1.03423	3.41339
31.2027	0.891959	1.48617	1.03304	3.41117
31.2136	0.891676	1.48543	1.03186	3.40896
31.2245	0.891393	1.48468	1.03068	3.40675
31.2354	0.89111	1.48393	1.0295	3.40454
31.2463	0.890827	1.48319	1.02832	3.40233
31.2572	0.890544	1.48244	1.02714	3.40013
31.2681	0.890262	1.4817	1.02597	3.39793
31.279	0.889979	1.48095	1.02479	3.39573
31.2899	0.889696	1.48021	1.02362	3.39353
31.3008	0.889413	1.47947	1.02245	3.39133
31.3117	0.88913	1.47872	1.02129	3.38914
31.3227	0.888847	1.47798	1.02012	3.38695
31.3336	0.888564	1.47724	1.01896	3.38476
31.3445	0.888281	1.4765	1.0178	3.38258
31.3554	0.887998	1.47576	1.01664	3.38039
31.3663	0.887715	1.47502	1.01548	3.37821
31.3772	0.887432	1.47428	1.01432	3.37603
31.3881	0.887148	1.47354	1.01317	3.37386
31.399	0.886865	1.4728	1.01202	3.37168
31.4099	0.886581	1.47207	1.01087	3.36951
31.4208	0.886298	1.47133	1.00972	3.36734
31.4317	0.886014	1.47059	1.00857	3.36518
31.4426	0.88573	1.46986	1.00742	3.36301
31.4535	0.885446	1.46912	1.00628	3.36085
31.4644	0.885162	1.46838	1.00514	3.35869
31.4753	0.884878	1.46765	1.004	3.35653
31.4863	0.884595	1.46692	1.00286	3.35437
31.4972	0.884311	1.46618	1.00173	3.35222
31.5081	0.884027	1.46545	1.00059	3.35007
31.519	0.883743	1.46471	0.99946	3.34792
31.5299	0.883459	1.46398	0.99833	3.34577
31.5408	0.883175	1.46325	0.997201	3.34363
31.5517	0.882892	1.46252	0.996075	3.34149
31.5626	0.882608	1.46179	0.99495	3.33935
31.5735	0.882325	1.46106	0.993827	3.33721
31.5844	0.882041	1.46033	0.992706	3.33508
31.5953	0.881757	1.4596	0.991587	3.33295
31.6062	0.881474	1.45888	0.99047	3.33082
31.6171	0.88119	1.45815	0.989355	3.32869
31.628	0.880907	1.45742	0.988242	3.32657
31.6389	0.880623	1.4567	0.987131	3.32445
31.6499	0.880339	1.45597	0.986021	3.32233
31.6608	0.880055	1.45525	0.984914	3.32021
31.6717	0.879771	1.45452	0.983808	3.3181
31.6826	0.879487	1.4538	0.982704	3.31599
31.6935	0.879203	1.45307	0.981602	3.31388
31.7044	0.878918	1.45235	0.980502	3.31177
31.7153	0.878634	1.45163	0.979404	3.30967
31.7262	0.87835	1.45091	0.978308	3.30756
31.7371	0.878065	1.45018	0.977213	3.30546
31.748	0.877781	1.44946	0.976121	3.30337
31.7589	0.877497	1.44874	0.97503	3.30127
31.7698	0.877213	1.44802	0.973941	3.29918
31.7807	0.876929	1.4473	0.972854	3.29709
31.7916	0.876645	1.44659	0.971769	3.295
31.8026	0.876362	1.44587	0.970686	3.29292
31.8135	0.876078	1.44515	0.969605	3.29084
31.8244	0.875794	1.44444	0.968526	3.28876
31.8353	0.875511	1.44372	0.967449	3.28668
31.8462	0.875227	1.44301	0.966373	3.28461
31.8571	0.874944	1.44229	0.9653	3.28254
31.868	0.87466	1.44158	0.964228	3.28047
31.8789	0.874376	1.44087	0.963159	3.2784
31.8898	0.874093	1.44015	0.962091	3.27634
31.9007	0.873809	1.43944	0.961026	3.27428
31.9116	0.873525	1.43873	0.959962	3.27222
31.9225	0.873241	1.43802	0.9589	3.27016
31.9334	0.872958	1.43731	0.957841	3.26811
31.9443	0.872674	1.4366	0.956783	3.26606
31.9552	0.87239	1.43589	0.955727	3.26401
31.9662	0.872106	1.43518	0.954672	3.26196
31.9771	0.871822	1.43447	0.95362	3.25992
31.988	0.871538	1.43377	0.95257	3.25787
31.9989	0.871254	1.43306	0.951521	3.25583
32.0098	0.87097	1.43235	0.950475	3.2538
32.0207	0.870686	1.43165	0.94943	3.25176
32.0316	0.870403	1.43094	0.948387	3.24973
32.0425	0.870119	1.43024	0.947346	3.2477
32.0534	0.869836	1.42954	0.946307	3.24568
32.0643	0.869553	1.42883	0.94527	3.24366
32.0752	0.86927	1.42813	0.944235	3.24164
32.0861	0.868986	1.42743	0.943201	3.23962
32.097	0.868703	1.42673	0.94217	3.2376
32.1079	0.868421	1.42603	0.941141	3.23559
32.1188	0.868138	1.42533	0.940114	3.23358
32.1298	0.867855	1.42463	0.939088	3.23158
32.1407	0.867572	1.42393	0.938065	3.22957
32.1516	0.867289	1.42324	0.937044	3.22757
32.1625	0.867006	1.42254	0.936024	3.22557
32.1734	0.866723	1.42184	0.935007	3.22357
32.1843	0.86644	1.42115	0.933991	3.22158
32.1952	0.866157	1.42045	0.932978	3.21959
32.2061	0.865874	1.41976	0.931966	3.2176
32.217	0.86559	1.41907	0.930956	3.21561
32.2279	0.865307	1.41837	0.929948	3.21363
32.2388	0.865024	1.41768	0.928942	3.21165
32.2497	0.864741	1.41699	0.927937	3.20967
32.2606	0.864458	1.4163	0.926935	3.20769
32.2715	0.864175	1.41561	0.925934	3.20572
32.2825	0.863892	1.41492	0.924936	3.20375
32.2934	0.86361	1.41423	0.923939	3.20178
32.3043	0.863327	1.41354	0.922944	3.19981
32.3152	0.863045	1.41285	0.921951	3.19785
32.3261	0.862762	1.41217	0.92096	3.19589
32.337	0.86248	1.41148	0.919971	3.19393
32.3479	0.862198	1.41079	0.918984	3.19198
32.3588	0.861916	1.41011	0.917999	3.19002
32.3697	0.861634	1.40942	0.917017	3.18808
32.3806	0.861353	1.40874	0.916036	3.18613
32.3915	0.861071	1.40806	0.915056	3.18419
32.4024	0.860789	1.40738	0.914079	3.18224
32.4133	0.860507	1.40669	0.913104	3.18031
32.4242	0.860226	1.40601	0.912131	3.17837
32.4351	0.859944	1.40533	0.91116	3.17644
32.4461	0.859662	1.40465	0.91019	3.17451
32.457	0.85938	1.40397	0.909222	3.17258
32.4679	0.859098	1.4033	0.908256	3.17065
32.4788	0.858816	1.40262	0.907292	3.16873
32.4897	0.858534	1.40194	0.90633	3.16681
32.5006	0.858252	1.40126	0.90537	3.16489
32.5115	0.857971	1.40059	0.904411	3.16297
32.5224	0.857689	1.39991	0.903455	3.16106
32.5333	0.857407	1.39924	0.9025	3.15915
32.5442	0.857126	1.39857	0.901548	3.15724
32.5551	0.856844	1.39789	0.900597	3.15533
32.566	0.856563	1.39722	0.899648	3.15343
32.5769	0.856282	1.39655	0.898701	3.15153
32.5878	0.856001	1.39588	0.897756	3.14964
32.5988	0.855721	1.39521	0.896813	3.14774
32.6097	0.85544	1.39454	0.895872	3.14585
32.6206	0.85516	1.39387	0.894933	3.14396
32.6315	0.854879	1.3932	0.893996	3.14208
32.6424	0.854599	1.39253	0.893061	3.14019
32.6533	0.854319	1.39187	0.892127	3.13831
32.6642	0.854039	1.3912	0.891196	3.13644
32.6751	0.853758	1.39054	0.890266	3.13456
32.686	0.853478	1.38987	0.889338	3.13269
32.6969	0.853198	1.38921	0.888413	3.13082
32.7078	0.852918	1.38854	0.887488	3.12895
32.7187	0.852637	1.38788	0.886566	3.12708
32.7296	0.852357	1.38722	0.885646	3.12522
32.7405	0.852076	1.38656	0.884727	3.12336
32.7514	0.851796	1.38589	0.883811	3.1215
32.7624	0.851516	1.38523	0.882896	3.11965
32.7733	0.851235	1.38457	0.881983	3.11779
32.7842	0.850955	1.38392	0.881072	3.11594
32.7951	0.850675	1.38326	0.880162	3.1141
32.806	0.850395	1.3826	0.879255	3.11225
32.8169	0.850116	1.38194	0.87835	3.11041
32.8278	0.849836	1.38129	0.877446	3.10857
32.8387	0.849557	1.38063	0.876545	3.10673
32.8496	0.849278	1.37998	0.875645	3.1049
32.8605	0.848999	1.37932	0.874747	3.10307
32.8714	0.84872	1.37867	0.873851	3.10124
32.8823	0.848441	1.37802	0.872957	3.09942
32.8932	0.848163	1.37737	0.872065	3.09759
32.9041	0.847884	1.37671	0.871174	3.09577
32.915	0.847606	1.37606	0.870286	3.09396
32.926	0.847327	1.37541	0.869399	3.09214
32.9369	0.847049	1.37476	0.868514	3.09033
32.9478	0.84677	1.37412	0.867631	3.08852
32.9587	0.846492	1.37347	0.86675	3.08671
32.9696	0.846213	1.37282	0.865871	3.0849
32.9805	0.845935	1.37217	0.864993	3.0831
32.9914	0.845656	1.37153	0.864117	3.0813
33.0023	0.845377	1.37088	0.863243	3.0795
33.0132	0.845099	1.37024	0.862371	3.07771
33.0241	0.84482	1.36959	0.861501	3.07591
33.035	0.844542	1.36895	0.860633	3.07412
33.0459	0.844263	1.36831	0.859766	3.07234
33.0568	0.843985	1.36766	0.858901	3.07055
33.0677	0.843707	1.36702	0.858038	3.06877
33.0787	0.843429	1.36638	0.857177	3.06699
33.0896	0.843152	1.36574	0.856318	3.06521
33.1005	0.842874	1.3651	0.85546	3.06344
33.1114	0.842597	1.36447	0.854605	3.06167
33.1223	0.84232	1.36383	0.853751	3.0599
33.1332	0.842043	1.36319	0.852899	3.05813
33.1441	0.841766	1.36255	0.852048	3.05637
33.155	0.841489	1.36192	0.8512	3.05461
33.1659	0.841213	1.36128	0.850353	3.05285
33.1768	0.840936	1.36065	0.849509	3.05109
33.1877	0.84066	1.36001	0.848666	3.04934
33.1986	0.840383	1.35938	0.847824	3.04759
33.2095	0.840106	1.35875	0.846985	3.04584
33.2204	0.83983	1.35811	0.846147	3.04409
33.2313	0.839553	1.35748	0.845312	3.04235
33.2423	0.839276	1.35685	0.844478	3.04061
33.2532	0.839	1.35622	0.843645	3.03887
33.2641	0.838723	1.35559	0.842815	3.03713
33.275	0.838446	1.35496	0.841986	3.0354
33.2859	0.83817	1.35433	0.841159	3.03366
33.2968	0.837893	1.35371	0.840334	3.03193
33.3077	0.837617	1.35308	0.839511	3.03021
33.3186	0.837341	1.35245	0.838689	3.02848
33.3295	0.837064	1.35183	0.837869	3.02676
33.3404	0.836788	1.3512	0.837051	3.02504
33.3513	0.836513	1.35058	0.836234	3.02333
33.3622	0.836237	1.34996	0.835419	3.02161
33.3731	0.835962	1.34933	0.834606	3.0199
33.384	0.835686	1.34871	0.833795	3.01819
33.395	0.835411	1.34809	0.832985	3.01649
33.4059	0.835136	1.34747	0.832178	3.01478
33.4168	0.834861	1.34685	0.831372	3.01308
33.4277	0.834587	1.34623	0.830567	3.01138
33.4386	0.834312	1.34561	0.829765	3.00969
33.4495	0.834037	1.34499	0.828964	3.00799
33.4604	0.833763	1.34437	0.828166	3.0063
33.4713	0.833488	1.34375	0.827368	3.00461
33.4822	0.833213	1.34314	0.826573	3.00292
33.4931	0.832939	1.34252	0.825779	3.00124
33.504	0.832664	1.34191	0.824987	2.99956
33.5149	0.832389	1.34129	0.824197	2.99788
33.5258	0.832115	1.34068	0.823408	2.9962
33.5367	0.83184	1.34006	0.822621	2.99453
33.5476	0.831565	1.33945	0.821836	2.99285
33.5586	0.831291	1.33884	0.821053	2.99118
33.5695	0.831016	1.33823	0.820271	2.98951
33.5804	0.830742	1.33762	0.81949	2.98785
33.5913	0.830467	1.33701	0.818712	2.98619
33.6022	0.830193	1.3364	0.817935	2.98453
33.6131	0.829919	1.33579	0.817159	2.98287
33.624	0.829645	1.33518	0.816386	2.98121
33.6349	0.829372	1.33457	0.815614	2.97956
33.6458	0.829098	1.33397	0.814844	2.97791
33.6567	0.828825	1.33336	0.814075	2.97626
33.6676	0.828552	1.33275	0.813308	2.97461
33.6785	0.828279	1.33215	0.812543	2.97297
33.6894	0.828006	1.33154	0.81178	2.97133
33.7003	0.827733	1.33094	0.811018	2.96969
33.7112	0.82746	1.33033	0.810258	2.96805
33.7222	0.827187	1.32973	0.8095	2.96642
33.7331	0.826915	1.32913	0.808743	2.96479
33.744	0.826642	1.32852	0.807988	2.96316
33.7549	0.826369	1.32792	0.807235	2.96153
33.7658	0.826096	1.32732	0.806483	2.9599
33.7767	0.825824	1.32672	0.805733	2.95828
33.7876	0.825551	1.32612	0.804984	2.95666
33.7985	0.825278	1.32552	0.804237	2.95504
33.8094	0.825005	1.32493	0.803492	2.95342
33.8203	0.824732	1.32433	0.802748	2.95181
33.8312	0.824459	1.32373	0.802006	2.9502
33.8421	0.824187	1.32314	0.801265	2.94859
33.853	0.823914	1.32254	0.800526	2.94698
33.8639	0.823642	1.32195	0.799789	2.94538
33.8749	0.823369	1.32135	0.799053	2.94377
33.8858	0.823097	1.32076	0.798319	2.94217
33.8967	0.822825	1.32016	0.797586	2.94057
33.9076	0.822553	1.31957	0.796856	2.93898
33.9185	0.822282	1.31898	0.796126	2.93739
33.9294	0.82201	1.31839	0.795399	2.93579
33.9403	0.821739	1.31779	0.794673	2.93421
33.9512	0.821467	1.3172	0.793948	2.93262
